FoamFile
{
    version     2.0;
    format      ascii;
    class       vectorField;
    object      points;
}
// * * * * * * * * * * * * * * * * * * * * * * * * * * * * * * //
3168
(
(-0.0236177 -0.0223553 1.04)
(-0.0241942 -0.0204323 1.04)
(-0.0248158 -0.0185132 1.04)
(-0.0254942 -0.0166041 1.04)
(-0.0262098 -0.014702 1.04)
(-0.0269357 -0.0128001 1.04)
(-0.0276466 -0.0108909 1.04)
(-0.0283171 -0.00896665 1.04)
(-0.0289202 -0.00702041 1.04)
(-0.0294257 -0.0050469 1.04)
(-0.029799 -0.00304452 1.04)
(-0.030002 -0.00101813 1.04)
(-0.030002 0.00101813 1.04)
(-0.029799 0.00304452 1.04)
(-0.0294257 0.0050469 1.04)
(-0.0289202 0.00702041 1.04)
(-0.0283171 0.00896665 1.04)
(-0.0276466 0.0108909 1.04)
(-0.0269357 0.0128001 1.04)
(-0.0262098 0.014702 1.04)
(-0.0254942 0.0166041 1.04)
(-0.0248158 0.0185132 1.04)
(-0.0241942 0.0204323 1.04)
(-0.0236177 0.0223553 1.04)
(-0.0260164 -0.0245596 1.04)
(-0.0268724 -0.0225314 1.04)
(-0.0277372 -0.0204826 1.04)
(-0.0286187 -0.0184201 1.04)
(-0.0294994 -0.0163436 1.04)
(-0.0303557 -0.0142495 1.04)
(-0.0311655 -0.0121339 1.04)
(-0.0319068 -0.00999254 1.04)
(-0.0325563 -0.00782199 1.04)
(-0.0330882 -0.00562022 1.04)
(-0.0334734 -0.00338827 1.04)
(-0.0336797 -0.00113259 1.04)
(-0.0336797 0.00113259 1.04)
(-0.0334734 0.00338827 1.04)
(-0.0330882 0.00562022 1.04)
(-0.0325563 0.00782199 1.04)
(-0.0319068 0.00999254 1.04)
(-0.0311655 0.0121339 1.04)
(-0.0303557 0.0142495 1.04)
(-0.0294994 0.0163436 1.04)
(-0.0286187 0.0184201 1.04)
(-0.0277372 0.0204826 1.04)
(-0.0268724 0.0225314 1.04)
(-0.0260164 0.0245596 1.04)
(-0.0280189 -0.0263997 1.04)
(-0.0291077 -0.0242833 1.04)
(-0.0301749 -0.022126 1.04)
(-0.0312257 -0.0199354 1.04)
(-0.032244 -0.0177133 1.04)
(-0.0332091 -0.0154588 1.04)
(-0.0341014 -0.013171 1.04)
(-0.0349018 -0.0108485 1.04)
(-0.03559 -0.00849078 1.04)
(-0.036144 -0.00609857 1.04)
(-0.0365391 -0.00367507 1.04)
(-0.0367482 -0.00122808 1.04)
(-0.0367482 0.00122808 1.04)
(-0.0365391 0.00367507 1.04)
(-0.036144 0.00609857 1.04)
(-0.03559 0.00849078 1.04)
(-0.0349018 0.0108485 1.04)
(-0.0341014 0.013171 1.04)
(-0.0332091 0.0154588 1.04)
(-0.032244 0.0177133 1.04)
(-0.0312257 0.0199354 1.04)
(-0.0301749 0.022126 1.04)
(-0.0291077 0.0242833 1.04)
(-0.0280189 0.0263997 1.04)
(-0.0296894 -0.0279348 1.04)
(-0.0309722 -0.0257446 1.04)
(-0.0322082 -0.0234967 1.04)
(-0.0334 -0.0211992 1.04)
(-0.034533 -0.0188556 1.04)
(-0.0355888 -0.0164674 1.04)
(-0.0365499 -0.0140359 1.04)
(-0.0373995 -0.0115623 1.04)
(-0.0381201 -0.00904855 1.04)
(-0.0386925 -0.0064975 1.04)
(-0.0390959 -0.00391426 1.04)
(-0.0393072 -0.00130772 1.04)
(-0.0393072 0.00130772 1.04)
(-0.0390959 0.00391426 1.04)
(-0.0386925 0.0064975 1.04)
(-0.0381201 0.00904855 1.04)
(-0.0373995 0.0115623 1.04)
(-0.0365499 0.0140359 1.04)
(-0.0355888 0.0164674 1.04)
(-0.034533 0.0188556 1.04)
(-0.0334 0.0211992 1.04)
(-0.0322082 0.0234967 1.04)
(-0.0309722 0.0257446 1.04)
(-0.0296894 0.0279348 1.04)
(-0.0310824 -0.029215 1.04)
(-0.032527 -0.0269632 1.04)
(-0.0339035 -0.0246396 1.04)
(-0.0352129 -0.0222529 1.04)
(-0.0364416 -0.019808 1.04)
(-0.0375729 -0.0173083 1.04)
(-0.0385914 -0.014757 1.04)
(-0.0394821 -0.0121575 1.04)
(-0.0402296 -0.00951359 1.04)
(-0.0408174 -0.00683012 1.04)
(-0.0412276 -0.00411369 1.04)
(-0.0414409 -0.00137413 1.04)
(-0.0414409 0.00137413 1.04)
(-0.0412276 0.00411369 1.04)
(-0.0408174 0.00683012 1.04)
(-0.0402296 0.00951359 1.04)
(-0.0394821 0.0121575 1.04)
(-0.0385914 0.014757 1.04)
(-0.0375729 0.0173083 1.04)
(-0.0364416 0.019808 1.04)
(-0.0352129 0.0222529 1.04)
(-0.0339035 0.0246396 1.04)
(-0.032527 0.0269632 1.04)
(-0.0310824 0.029215 1.04)
(-0.0322439 -0.0302823 1.04)
(-0.0338232 -0.0279791 1.04)
(-0.0353169 -0.0255924 1.04)
(-0.0367243 -0.0231314 1.04)
(-0.0380326 -0.020602 1.04)
(-0.039227 -0.0180093 1.04)
(-0.0402933 -0.0153582 1.04)
(-0.0412182 -0.0126537 1.04)
(-0.0419882 -0.00990128 1.04)
(-0.0425888 -0.00710741 1.04)
(-0.0430048 -0.00427994 1.04)
(-0.0432196 -0.00142948 1.04)
(-0.0432196 0.00142948 1.04)
(-0.0430048 0.00427994 1.04)
(-0.0425888 0.00710741 1.04)
(-0.0419882 0.00990128 1.04)
(-0.0412182 0.0126537 1.04)
(-0.0402933 0.0153582 1.04)
(-0.039227 0.0180093 1.04)
(-0.0380326 0.020602 1.04)
(-0.0367243 0.0231314 1.04)
(-0.0353169 0.0255924 1.04)
(-0.0338232 0.0279791 1.04)
(-0.0322439 0.0302823 1.04)
(-0.0332121 -0.031172 1.04)
(-0.0349037 -0.0288259 1.04)
(-0.0364951 -0.0263867 1.04)
(-0.0379841 -0.0238636 1.04)
(-0.0393589 -0.0212639 1.04)
(-0.0406057 -0.0185936 1.04)
(-0.0417119 -0.0158593 1.04)
(-0.0426654 -0.0130672 1.04)
(-0.0434541 -0.0102244 1.04)
(-0.0440654 -0.00733855 1.04)
(-0.0444861 -0.00441853 1.04)
(-0.0447023 -0.00147563 1.04)
(-0.0447023 0.00147563 1.04)
(-0.0444861 0.00441853 1.04)
(-0.0440654 0.00733855 1.04)
(-0.0434541 0.0102244 1.04)
(-0.0426654 0.0130672 1.04)
(-0.0417119 0.0158593 1.04)
(-0.0406057 0.0185936 1.04)
(-0.0393589 0.0212639 1.04)
(-0.0379841 0.0238636 1.04)
(-0.0364951 0.0263867 1.04)
(-0.0349037 0.0288259 1.04)
(-0.0332121 0.031172 1.04)
(-0.0340191 -0.0319136 1.04)
(-0.0358044 -0.0295318 1.04)
(-0.0374771 -0.0270487 1.04)
(-0.0390342 -0.024474 1.04)
(-0.0404644 -0.0218155 1.04)
(-0.041755 -0.0190807 1.04)
(-0.0428944 -0.016277 1.04)
(-0.0438717 -0.013412 1.04)
(-0.0446759 -0.0104938 1.04)
(-0.0452962 -0.00753121 1.04)
(-0.0457209 -0.00453404 1.04)
(-0.0459381 -0.00151409 1.04)
(-0.0459381 0.00151409 1.04)
(-0.0457209 0.00453404 1.04)
(-0.0452962 0.00753121 1.04)
(-0.0446759 0.0104938 1.04)
(-0.0438717 0.013412 1.04)
(-0.0428944 0.016277 1.04)
(-0.041755 0.0190807 1.04)
(-0.0404644 0.0218155 1.04)
(-0.0390342 0.024474 1.04)
(-0.0374771 0.0270487 1.04)
(-0.0358044 0.0295318 1.04)
(-0.0340191 0.0319136 1.04)
(-0.0346917 -0.0325318 1.04)
(-0.036555 -0.0301201 1.04)
(-0.0382956 -0.0276005 1.04)
(-0.0399094 -0.0249827 1.04)
(-0.0413857 -0.0222753 1.04)
(-0.0427128 -0.0194866 1.04)
(-0.0438799 -0.0166251 1.04)
(-0.044877 -0.0136993 1.04)
(-0.0456943 -0.0107183 1.04)
(-0.046322 -0.00769178 1.04)
(-0.04675 -0.00463032 1.04)
(-0.0469681 -0.00154615 1.04)
(-0.0469681 0.00154615 1.04)
(-0.04675 0.00463032 1.04)
(-0.046322 0.00769178 1.04)
(-0.0456943 0.0107183 1.04)
(-0.044877 0.0136993 1.04)
(-0.0438799 0.0166251 1.04)
(-0.0427128 0.0194866 1.04)
(-0.0413857 0.0222753 1.04)
(-0.0399094 0.0249827 1.04)
(-0.0382956 0.0276005 1.04)
(-0.036555 0.0301201 1.04)
(-0.0346917 0.0325318 1.04)
(-0.0352524 -0.0330469 1.04)
(-0.0371807 -0.0306105 1.04)
(-0.0389778 -0.0280604 1.04)
(-0.0406389 -0.0254066 1.04)
(-0.0421536 -0.0226585 1.04)
(-0.0435111 -0.019825 1.04)
(-0.0447013 -0.0169152 1.04)
(-0.0457149 -0.0139388 1.04)
(-0.0465431 -0.0109054 1.04)
(-0.0471769 -0.00782561 1.04)
(-0.0476077 -0.00471056 1.04)
(-0.0478266 -0.00157286 1.04)
(-0.0478266 0.00157286 1.04)
(-0.0476077 0.00471056 1.04)
(-0.0471769 0.00782561 1.04)
(-0.0465431 0.0109054 1.04)
(-0.0457149 0.0139388 1.04)
(-0.0447013 0.0169152 1.04)
(-0.0435111 0.019825 1.04)
(-0.0421536 0.0226585 1.04)
(-0.0406389 0.0254066 1.04)
(-0.0389778 0.0280604 1.04)
(-0.0371807 0.0306105 1.04)
(-0.0352524 0.0330469 1.04)
(-0.0357196 -0.0334763 1.04)
(-0.0377021 -0.0310192 1.04)
(-0.0395464 -0.0284436 1.04)
(-0.0412468 -0.02576 1.04)
(-0.0427936 -0.0229779 1.04)
(-0.0441764 -0.020107 1.04)
(-0.0453859 -0.017157 1.04)
(-0.0464133 -0.0141383 1.04)
(-0.0472504 -0.0110614 1.04)
(-0.0478895 -0.00793715 1.04)
(-0.0483225 -0.00477743 1.04)
(-0.0485421 -0.00159513 1.04)
(-0.0485421 0.00159513 1.04)
(-0.0483225 0.00477743 1.04)
(-0.0478895 0.00793715 1.04)
(-0.0472504 0.0110614 1.04)
(-0.0464133 0.0141383 1.04)
(-0.0453859 0.017157 1.04)
(-0.0441764 0.020107 1.04)
(-0.0427936 0.0229779 1.04)
(-0.0412468 0.02576 1.04)
(-0.0395464 0.0284436 1.04)
(-0.0377021 0.0310192 1.04)
(-0.0357196 0.0334763 1.04)
(-0.036109 -0.0338342 1.04)
(-0.0381367 -0.0313598 1.04)
(-0.0400202 -0.0287631 1.04)
(-0.0417534 -0.0260545 1.04)
(-0.043327 -0.0232441 1.04)
(-0.0447309 -0.020342 1.04)
(-0.0459564 -0.0173586 1.04)
(-0.0469953 -0.0143047 1.04)
(-0.04784 -0.0111913 1.04)
(-0.0484833 -0.0080301 1.04)
(-0.0489183 -0.00483316 1.04)
(-0.0491383 -0.00161369 1.04)
(-0.0491383 0.00161369 1.04)
(-0.0489183 0.00483316 1.04)
(-0.0484833 0.0080301 1.04)
(-0.04784 0.0111913 1.04)
(-0.0469953 0.0143047 1.04)
(-0.0459564 0.0173586 1.04)
(-0.0447309 0.020342 1.04)
(-0.043327 0.0232441 1.04)
(-0.0417534 0.0260545 1.04)
(-0.0400202 0.0287631 1.04)
(-0.0381367 0.0313598 1.04)
(-0.036109 0.0338342 1.04)
(-0.0364336 -0.0341324 1.04)
(-0.0384989 -0.0316436 1.04)
(-0.0404151 -0.0290293 1.04)
(-0.0421757 -0.0262999 1.04)
(-0.0437715 -0.0234659 1.04)
(-0.045193 -0.0205378 1.04)
(-0.0464318 -0.0175265 1.04)
(-0.0474803 -0.0144433 1.04)
(-0.0483313 -0.0112996 1.04)
(-0.0489782 -0.00810757 1.04)
(-0.0494148 -0.00487961 1.04)
(-0.0496353 -0.00162915 1.04)
(-0.0496353 0.00162915 1.04)
(-0.0494148 0.00487961 1.04)
(-0.0489782 0.00810757 1.04)
(-0.0483313 0.0112996 1.04)
(-0.0474803 0.0144433 1.04)
(-0.0464318 0.0175265 1.04)
(-0.045193 0.0205378 1.04)
(-0.0437715 0.0234659 1.04)
(-0.0421757 0.0262999 1.04)
(-0.0404151 0.0290293 1.04)
(-0.0384989 0.0316436 1.04)
(-0.0364336 0.0341324 1.04)
(-0.036704 -0.0343809 1.04)
(-0.0388007 -0.0318802 1.04)
(-0.0407442 -0.0292511 1.04)
(-0.0425276 -0.0265044 1.04)
(-0.0441419 -0.0236507 1.04)
(-0.0455781 -0.020701 1.04)
(-0.0468281 -0.0176665 1.04)
(-0.0478845 -0.0145588 1.04)
(-0.0487407 -0.0113899 1.04)
(-0.0493906 -0.00817213 1.04)
(-0.0498285 -0.00491832 1.04)
(-0.0500494 -0.00164204 1.04)
(-0.0500494 0.00164204 1.04)
(-0.0498285 0.00491832 1.04)
(-0.0493906 0.00817213 1.04)
(-0.0487407 0.0113899 1.04)
(-0.0478845 0.0145588 1.04)
(-0.0468281 0.0176665 1.04)
(-0.0455781 0.020701 1.04)
(-0.0441419 0.0236507 1.04)
(-0.0425276 0.0265044 1.04)
(-0.0407442 0.0292511 1.04)
(-0.0388007 0.0318802 1.04)
(-0.036704 0.0343809 1.04)
(-0.0369294 -0.0345881 1.04)
(-0.0390522 -0.0320773 1.04)
(-0.0410184 -0.029436 1.04)
(-0.0428208 -0.0266749 1.04)
(-0.0444506 -0.0238048 1.04)
(-0.045899 -0.020837 1.04)
(-0.0471583 -0.0177831 1.04)
(-0.0482214 -0.0146551 1.04)
(-0.0490819 -0.0114651 1.04)
(-0.0497343 -0.00822593 1.04)
(-0.0501733 -0.00495057 1.04)
(-0.0503945 -0.00165278 1.04)
(-0.0503945 0.00165278 1.04)
(-0.0501733 0.00495057 1.04)
(-0.0497343 0.00822593 1.04)
(-0.0490819 0.0114651 1.04)
(-0.0482214 0.0146551 1.04)
(-0.0471583 0.0177831 1.04)
(-0.045899 0.020837 1.04)
(-0.0444506 0.0238048 1.04)
(-0.0428208 0.0266749 1.04)
(-0.0410184 0.029436 1.04)
(-0.0390522 0.0320773 1.04)
(-0.0369294 0.0345881 1.04)
(-0.0371172 -0.0347607 1.04)
(-0.0392618 -0.0322416 1.04)
(-0.041247 -0.0295901 1.04)
(-0.0430652 -0.0268169 1.04)
(-0.0447079 -0.0239332 1.04)
(-0.0461665 -0.0209504 1.04)
(-0.0474335 -0.0178803 1.04)
(-0.0485021 -0.0147353 1.04)
(-0.0493663 -0.0115278 1.04)
(-0.0500207 -0.00827076 1.04)
(-0.0504607 -0.00497746 1.04)
(-0.0506821 -0.00166173 1.04)
(-0.0506821 0.00166173 1.04)
(-0.0504607 0.00497746 1.04)
(-0.0500207 0.00827076 1.04)
(-0.0493663 0.0115278 1.04)
(-0.0485021 0.0147353 1.04)
(-0.0474335 0.0178803 1.04)
(-0.0461665 0.0209504 1.04)
(-0.0447079 0.0239332 1.04)
(-0.0430652 0.0268169 1.04)
(-0.041247 0.0295901 1.04)
(-0.0392618 0.0322416 1.04)
(-0.0371172 0.0347607 1.04)
(-0.0372738 -0.0349045 1.04)
(-0.0394365 -0.0323785 1.04)
(-0.0414374 -0.0297185 1.04)
(-0.0432689 -0.0269353 1.04)
(-0.0449223 -0.0240402 1.04)
(-0.0463894 -0.0210448 1.04)
(-0.0476628 -0.0179613 1.04)
(-0.048736 -0.0148022 1.04)
(-0.0496032 -0.0115801 1.04)
(-0.0502594 -0.00830813 1.04)
(-0.0507002 -0.00499986 1.04)
(-0.0509218 -0.00166919 1.04)
(-0.0509218 0.00166919 1.04)
(-0.0507002 0.00499986 1.04)
(-0.0502594 0.00830813 1.04)
(-0.0496032 0.0115801 1.04)
(-0.048736 0.0148022 1.04)
(-0.0476628 0.0179613 1.04)
(-0.0463894 0.0210448 1.04)
(-0.0449223 0.0240402 1.04)
(-0.0432689 0.0269353 1.04)
(-0.0414374 0.0297185 1.04)
(-0.0394365 0.0323785 1.04)
(-0.0372738 0.0349045 1.04)
(-0.0374042 -0.0350244 1.04)
(-0.0395821 -0.0324926 1.04)
(-0.0415961 -0.0298255 1.04)
(-0.0434386 -0.0270339 1.04)
(-0.0451009 -0.0241293 1.04)
(-0.0465751 -0.0211235 1.04)
(-0.0478539 -0.0180289 1.04)
(-0.048931 -0.0148579 1.04)
(-0.0498007 -0.0116236 1.04)
(-0.0504583 -0.00833927 1.04)
(-0.0508997 -0.00501853 1.04)
(-0.0511215 -0.00167541 1.04)
(-0.0511215 0.00167541 1.04)
(-0.0508997 0.00501853 1.04)
(-0.0504583 0.00833927 1.04)
(-0.0498007 0.0116236 1.04)
(-0.048931 0.0148579 1.04)
(-0.0478539 0.0180289 1.04)
(-0.0465751 0.0211235 1.04)
(-0.0451009 0.0241293 1.04)
(-0.0434386 0.0270339 1.04)
(-0.0415961 0.0298255 1.04)
(-0.0395821 0.0324926 1.04)
(-0.0374042 0.0350244 1.04)
(-0.0375129 -0.0351243 1.04)
(-0.0397034 -0.0325877 1.04)
(-0.0417284 -0.0299146 1.04)
(-0.04358 -0.0271161 1.04)
(-0.0452498 -0.0242036 1.04)
(-0.0467299 -0.0211891 1.04)
(-0.0480132 -0.0180851 1.04)
(-0.0490934 -0.0149043 1.04)
(-0.0499653 -0.0116599 1.04)
(-0.0506241 -0.00836521 1.04)
(-0.051066 -0.00503409 1.04)
(-0.051288 -0.00168059 1.04)
(-0.051288 0.00168059 1.04)
(-0.051066 0.00503409 1.04)
(-0.0506241 0.00836521 1.04)
(-0.0499653 0.0116599 1.04)
(-0.0490934 0.0149043 1.04)
(-0.0480132 0.0180851 1.04)
(-0.0467299 0.0211891 1.04)
(-0.0452498 0.0242036 1.04)
(-0.04358 0.0271161 1.04)
(-0.0417284 0.0299146 1.04)
(-0.0397034 0.0325877 1.04)
(-0.0375129 0.0351243 1.04)
(-0.0376035 -0.0352075 1.04)
(-0.0398045 -0.0326669 1.04)
(-0.0418386 -0.0299889 1.04)
(-0.0436979 -0.0271846 1.04)
(-0.0453739 -0.0242656 1.04)
(-0.0468589 -0.0212438 1.04)
(-0.0481459 -0.018132 1.04)
(-0.0492288 -0.014943 1.04)
(-0.0501024 -0.0116901 1.04)
(-0.0507622 -0.00838684 1.04)
(-0.0512046 -0.00504705 1.04)
(-0.0514267 -0.00168491 1.04)
(-0.0514267 0.00168491 1.04)
(-0.0512046 0.00504705 1.04)
(-0.0507622 0.00838684 1.04)
(-0.0501024 0.0116901 1.04)
(-0.0492288 0.014943 1.04)
(-0.0481459 0.018132 1.04)
(-0.0468589 0.0212438 1.04)
(-0.0453739 0.0242656 1.04)
(-0.0436979 0.0271846 1.04)
(-0.0418386 0.0299889 1.04)
(-0.0398045 0.0326669 1.04)
(-0.0376035 0.0352075 1.04)
(-0.037679 -0.0352769 1.04)
(-0.0398888 -0.0327329 1.04)
(-0.0419305 -0.0300509 1.04)
(-0.0437961 -0.0272417 1.04)
(-0.0454773 -0.0243172 1.04)
(-0.0469664 -0.0212894 1.04)
(-0.0482565 -0.0181711 1.04)
(-0.0493417 -0.0149752 1.04)
(-0.0502167 -0.0117153 1.04)
(-0.0508774 -0.00840486 1.04)
(-0.0513201 -0.00505785 1.04)
(-0.0515423 -0.0016885 1.04)
(-0.0515423 0.0016885 1.04)
(-0.0513201 0.00505785 1.04)
(-0.0508774 0.00840486 1.04)
(-0.0502167 0.0117153 1.04)
(-0.0493417 0.0149752 1.04)
(-0.0482565 0.0181711 1.04)
(-0.0469664 0.0212894 1.04)
(-0.0454773 0.0243172 1.04)
(-0.0437961 0.0272417 1.04)
(-0.0419305 0.0300509 1.04)
(-0.0398888 0.0327329 1.04)
(-0.037679 0.0352769 1.04)
(-0.0377419 -0.0353347 1.04)
(-0.039959 -0.032788 1.04)
(-0.0420071 -0.0301025 1.04)
(-0.0438779 -0.0272893 1.04)
(-0.0455635 -0.0243602 1.04)
(-0.047056 -0.0213273 1.04)
(-0.0483487 -0.0182036 1.04)
(-0.0494357 -0.0150021 1.04)
(-0.050312 -0.0117363 1.04)
(-0.0509733 -0.00841988 1.04)
(-0.0514164 -0.00506686 1.04)
(-0.0516386 -0.0016915 1.04)
(-0.0516386 0.0016915 1.04)
(-0.0514164 0.00506686 1.04)
(-0.0509733 0.00841988 1.04)
(-0.050312 0.0117363 1.04)
(-0.0494357 0.0150021 1.04)
(-0.0483487 0.0182036 1.04)
(-0.047056 0.0213273 1.04)
(-0.0455635 0.0243602 1.04)
(-0.0438779 0.0272893 1.04)
(-0.0420071 0.0301025 1.04)
(-0.039959 0.032788 1.04)
(-0.0377419 0.0353347 1.04)
(-0.0377944 -0.0353829 1.04)
(-0.0400175 -0.0328338 1.04)
(-0.0420708 -0.0301455 1.04)
(-0.0439462 -0.027329 1.04)
(-0.0456353 -0.024396 1.04)
(-0.0471306 -0.021359 1.04)
(-0.0484255 -0.0182307 1.04)
(-0.049514 -0.0150245 1.04)
(-0.0503913 -0.0117538 1.04)
(-0.0510532 -0.00843239 1.04)
(-0.0514966 -0.00507436 1.04)
(-0.0517189 -0.001694 1.04)
(-0.0517189 0.001694 1.04)
(-0.0514966 0.00507436 1.04)
(-0.0510532 0.00843239 1.04)
(-0.0503913 0.0117538 1.04)
(-0.049514 0.0150245 1.04)
(-0.0484255 0.0182307 1.04)
(-0.0471306 0.021359 1.04)
(-0.0456353 0.024396 1.04)
(-0.0439462 0.027329 1.04)
(-0.0420708 0.0301455 1.04)
(-0.0400175 0.0328338 1.04)
(-0.0377944 0.0353829 1.04)
(-0.0378381 -0.0354231 1.04)
(-0.0400662 -0.032872 1.04)
(-0.042124 -0.0301813 1.04)
(-0.044003 -0.027362 1.04)
(-0.0456951 -0.0244259 1.04)
(-0.0471928 -0.0213853 1.04)
(-0.0484895 -0.0182534 1.04)
(-0.0495793 -0.0150432 1.04)
(-0.0504575 -0.0117684 1.04)
(-0.0511199 -0.00844282 1.04)
(-0.0515634 -0.00508061 1.04)
(-0.0517858 -0.00169608 1.04)
(-0.0517858 0.00169608 1.04)
(-0.0515634 0.00508061 1.04)
(-0.0511199 0.00844282 1.04)
(-0.0504575 0.0117684 1.04)
(-0.0495793 0.0150432 1.04)
(-0.0484895 0.0182534 1.04)
(-0.0471928 0.0213853 1.04)
(-0.0456951 0.0244259 1.04)
(-0.044003 0.027362 1.04)
(-0.042124 0.0301813 1.04)
(-0.0400662 0.032872 1.04)
(-0.0378381 0.0354231 1.04)
(-0.0378745 -0.0354565 1.04)
(-0.0401069 -0.0329039 1.04)
(-0.0421683 -0.0302112 1.04)
(-0.0440504 -0.0273895 1.04)
(-0.045745 -0.0244507 1.04)
(-0.0472447 -0.0214073 1.04)
(-0.0485428 -0.0182722 1.04)
(-0.0496337 -0.0150587 1.04)
(-0.0505126 -0.0117805 1.04)
(-0.0511754 -0.00845151 1.04)
(-0.0516191 -0.00508583 1.04)
(-0.0518415 -0.00169782 1.04)
(-0.0518415 0.00169782 1.04)
(-0.0516191 0.00508583 1.04)
(-0.0511754 0.00845151 1.04)
(-0.0505126 0.0117805 1.04)
(-0.0496337 0.0150587 1.04)
(-0.0485428 0.0182722 1.04)
(-0.0472447 0.0214073 1.04)
(-0.045745 0.0244507 1.04)
(-0.0440504 0.0273895 1.04)
(-0.0421683 0.0302112 1.04)
(-0.0401069 0.0329039 1.04)
(-0.0378745 0.0354565 1.04)
(-0.0379048 -0.0354844 1.04)
(-0.0401407 -0.0329304 1.04)
(-0.0422052 -0.0302361 1.04)
(-0.0440898 -0.0274125 1.04)
(-0.0457865 -0.0244715 1.04)
(-0.0472879 -0.0214256 1.04)
(-0.0485873 -0.0182879 1.04)
(-0.0496791 -0.0150717 1.04)
(-0.0505585 -0.0117906 1.04)
(-0.0512217 -0.00845875 1.04)
(-0.0516655 -0.00509017 1.04)
(-0.051888 -0.00169926 1.04)
(-0.051888 0.00169926 1.04)
(-0.0516655 0.00509017 1.04)
(-0.0512217 0.00845875 1.04)
(-0.0505585 0.0117906 1.04)
(-0.0496791 0.0150717 1.04)
(-0.0485873 0.0182879 1.04)
(-0.0472879 0.0214256 1.04)
(-0.0457865 0.0244715 1.04)
(-0.0440898 0.0274125 1.04)
(-0.0422052 0.0302361 1.04)
(-0.0401407 0.0329304 1.04)
(-0.0379048 0.0354844 1.04)
(-0.0379301 -0.0355076 1.04)
(-0.0401689 -0.0329525 1.04)
(-0.042236 -0.0302568 1.04)
(-0.0441227 -0.0274316 1.04)
(-0.0458212 -0.0244888 1.04)
(-0.0473239 -0.0214409 1.04)
(-0.0486243 -0.018301 1.04)
(-0.0497169 -0.0150825 1.04)
(-0.0505968 -0.0117991 1.04)
(-0.0512602 -0.00846479 1.04)
(-0.0517042 -0.00509379 1.04)
(-0.0519267 -0.00170047 1.04)
(-0.0519267 0.00170047 1.04)
(-0.0517042 0.00509379 1.04)
(-0.0512602 0.00846479 1.04)
(-0.0505968 0.0117991 1.04)
(-0.0497169 0.0150825 1.04)
(-0.0486243 0.018301 1.04)
(-0.0473239 0.0214409 1.04)
(-0.0458212 0.0244888 1.04)
(-0.0441227 0.0274316 1.04)
(-0.042236 0.0302568 1.04)
(-0.0401689 0.0329525 1.04)
(-0.0379301 0.0355076 1.04)
(-0.0223553 -0.0236177 1.04)
(-0.0245596 -0.0260164 1.04)
(-0.0263997 -0.0280189 1.04)
(-0.0279348 -0.0296894 1.04)
(-0.029215 -0.0310824 1.04)
(-0.0302823 -0.0322439 1.04)
(-0.031172 -0.0332121 1.04)
(-0.0319136 -0.0340191 1.04)
(-0.0325318 -0.0346917 1.04)
(-0.0330469 -0.0352524 1.04)
(-0.0334763 -0.0357196 1.04)
(-0.0338342 -0.036109 1.04)
(-0.0341324 -0.0364336 1.04)
(-0.0343809 -0.036704 1.04)
(-0.0345881 -0.0369294 1.04)
(-0.0347607 -0.0371172 1.04)
(-0.0349045 -0.0372738 1.04)
(-0.0350244 -0.0374042 1.04)
(-0.0351243 -0.0375129 1.04)
(-0.0352075 -0.0376035 1.04)
(-0.0352769 -0.037679 1.04)
(-0.0353347 -0.0377419 1.04)
(-0.0353829 -0.0377944 1.04)
(-0.0354231 -0.0378381 1.04)
(-0.0354565 -0.0378745 1.04)
(-0.0354844 -0.0379048 1.04)
(-0.0355076 -0.0379301 1.04)
(-0.0204323 -0.0241942 1.04)
(-0.0225314 -0.0268724 1.04)
(-0.0242833 -0.0291077 1.04)
(-0.0257446 -0.0309722 1.04)
(-0.0269632 -0.032527 1.04)
(-0.0279791 -0.0338232 1.04)
(-0.0288259 -0.0349037 1.04)
(-0.0295318 -0.0358044 1.04)
(-0.0301201 -0.036555 1.04)
(-0.0306105 -0.0371807 1.04)
(-0.0310192 -0.0377021 1.04)
(-0.0313598 -0.0381367 1.04)
(-0.0316436 -0.0384989 1.04)
(-0.0318802 -0.0388007 1.04)
(-0.0320773 -0.0390522 1.04)
(-0.0322416 -0.0392618 1.04)
(-0.0323785 -0.0394365 1.04)
(-0.0324926 -0.0395821 1.04)
(-0.0325877 -0.0397034 1.04)
(-0.0326669 -0.0398045 1.04)
(-0.0327329 -0.0398888 1.04)
(-0.032788 -0.039959 1.04)
(-0.0328338 -0.0400175 1.04)
(-0.032872 -0.0400662 1.04)
(-0.0329039 -0.0401069 1.04)
(-0.0329304 -0.0401407 1.04)
(-0.0329525 -0.0401689 1.04)
(-0.0185132 -0.0248158 1.04)
(-0.0204826 -0.0277372 1.04)
(-0.022126 -0.0301749 1.04)
(-0.0234967 -0.0322082 1.04)
(-0.0246396 -0.0339035 1.04)
(-0.0255924 -0.0353169 1.04)
(-0.0263867 -0.0364951 1.04)
(-0.0270487 -0.0374771 1.04)
(-0.0276005 -0.0382956 1.04)
(-0.0280604 -0.0389778 1.04)
(-0.0284436 -0.0395464 1.04)
(-0.0287631 -0.0400202 1.04)
(-0.0290293 -0.0404151 1.04)
(-0.0292511 -0.0407442 1.04)
(-0.029436 -0.0410184 1.04)
(-0.0295901 -0.041247 1.04)
(-0.0297185 -0.0414374 1.04)
(-0.0298255 -0.0415961 1.04)
(-0.0299146 -0.0417284 1.04)
(-0.0299889 -0.0418386 1.04)
(-0.0300509 -0.0419305 1.04)
(-0.0301025 -0.0420071 1.04)
(-0.0301455 -0.0420708 1.04)
(-0.0301813 -0.042124 1.04)
(-0.0302112 -0.0421683 1.04)
(-0.0302361 -0.0422052 1.04)
(-0.0302568 -0.042236 1.04)
(-0.0166041 -0.0254942 1.04)
(-0.0184201 -0.0286187 1.04)
(-0.0199354 -0.0312257 1.04)
(-0.0211992 -0.0334 1.04)
(-0.0222529 -0.0352129 1.04)
(-0.0231314 -0.0367243 1.04)
(-0.0238636 -0.0379841 1.04)
(-0.024474 -0.0390342 1.04)
(-0.0249827 -0.0399094 1.04)
(-0.0254066 -0.0406389 1.04)
(-0.02576 -0.0412468 1.04)
(-0.0260545 -0.0417534 1.04)
(-0.0262999 -0.0421757 1.04)
(-0.0265044 -0.0425276 1.04)
(-0.0266749 -0.0428208 1.04)
(-0.0268169 -0.0430652 1.04)
(-0.0269353 -0.0432689 1.04)
(-0.0270339 -0.0434386 1.04)
(-0.0271161 -0.04358 1.04)
(-0.0271846 -0.0436979 1.04)
(-0.0272417 -0.0437961 1.04)
(-0.0272893 -0.0438779 1.04)
(-0.027329 -0.0439462 1.04)
(-0.027362 -0.044003 1.04)
(-0.0273895 -0.0440504 1.04)
(-0.0274125 -0.0440898 1.04)
(-0.0274316 -0.0441227 1.04)
(-0.014702 -0.0262098 1.04)
(-0.0163436 -0.0294994 1.04)
(-0.0177133 -0.032244 1.04)
(-0.0188556 -0.034533 1.04)
(-0.019808 -0.0364416 1.04)
(-0.020602 -0.0380326 1.04)
(-0.0212639 -0.0393589 1.04)
(-0.0218155 -0.0404644 1.04)
(-0.0222753 -0.0413857 1.04)
(-0.0226585 -0.0421536 1.04)
(-0.0229779 -0.0427936 1.04)
(-0.0232441 -0.043327 1.04)
(-0.0234659 -0.0437715 1.04)
(-0.0236507 -0.0441419 1.04)
(-0.0238048 -0.0444506 1.04)
(-0.0239332 -0.0447079 1.04)
(-0.0240402 -0.0449223 1.04)
(-0.0241293 -0.0451009 1.04)
(-0.0242036 -0.0452498 1.04)
(-0.0242656 -0.0453739 1.04)
(-0.0243172 -0.0454773 1.04)
(-0.0243602 -0.0455635 1.04)
(-0.024396 -0.0456353 1.04)
(-0.0244259 -0.0456951 1.04)
(-0.0244507 -0.045745 1.04)
(-0.0244715 -0.0457865 1.04)
(-0.0244888 -0.0458212 1.04)
(-0.0128001 -0.0269357 1.04)
(-0.0142495 -0.0303557 1.04)
(-0.0154588 -0.0332091 1.04)
(-0.0164674 -0.0355888 1.04)
(-0.0173083 -0.0375729 1.04)
(-0.0180093 -0.039227 1.04)
(-0.0185936 -0.0406057 1.04)
(-0.0190807 -0.041755 1.04)
(-0.0194866 -0.0427128 1.04)
(-0.019825 -0.0435111 1.04)
(-0.020107 -0.0441764 1.04)
(-0.020342 -0.0447309 1.04)
(-0.0205378 -0.045193 1.04)
(-0.020701 -0.0455781 1.04)
(-0.020837 -0.045899 1.04)
(-0.0209504 -0.0461665 1.04)
(-0.0210448 -0.0463894 1.04)
(-0.0211235 -0.0465751 1.04)
(-0.0211891 -0.0467299 1.04)
(-0.0212438 -0.0468589 1.04)
(-0.0212894 -0.0469664 1.04)
(-0.0213273 -0.047056 1.04)
(-0.021359 -0.0471306 1.04)
(-0.0213853 -0.0471928 1.04)
(-0.0214073 -0.0472447 1.04)
(-0.0214256 -0.0472879 1.04)
(-0.0214409 -0.0473239 1.04)
(-0.0108909 -0.0276466 1.04)
(-0.0121339 -0.0311655 1.04)
(-0.013171 -0.0341014 1.04)
(-0.0140359 -0.0365499 1.04)
(-0.014757 -0.0385914 1.04)
(-0.0153582 -0.0402933 1.04)
(-0.0158593 -0.0417119 1.04)
(-0.016277 -0.0428944 1.04)
(-0.0166251 -0.0438799 1.04)
(-0.0169152 -0.0447013 1.04)
(-0.017157 -0.0453859 1.04)
(-0.0173586 -0.0459564 1.04)
(-0.0175265 -0.0464318 1.04)
(-0.0176665 -0.0468281 1.04)
(-0.0177831 -0.0471583 1.04)
(-0.0178803 -0.0474335 1.04)
(-0.0179613 -0.0476628 1.04)
(-0.0180289 -0.0478539 1.04)
(-0.0180851 -0.0480132 1.04)
(-0.018132 -0.0481459 1.04)
(-0.0181711 -0.0482565 1.04)
(-0.0182036 -0.0483487 1.04)
(-0.0182307 -0.0484255 1.04)
(-0.0182534 -0.0484895 1.04)
(-0.0182722 -0.0485428 1.04)
(-0.0182879 -0.0485873 1.04)
(-0.018301 -0.0486243 1.04)
(-0.00896665 -0.0283171 1.04)
(-0.00999254 -0.0319068 1.04)
(-0.0108485 -0.0349018 1.04)
(-0.0115623 -0.0373995 1.04)
(-0.0121575 -0.0394821 1.04)
(-0.0126537 -0.0412182 1.04)
(-0.0130672 -0.0426654 1.04)
(-0.013412 -0.0438717 1.04)
(-0.0136993 -0.044877 1.04)
(-0.0139388 -0.0457149 1.04)
(-0.0141383 -0.0464133 1.04)
(-0.0143047 -0.0469953 1.04)
(-0.0144433 -0.0474803 1.04)
(-0.0145588 -0.0478845 1.04)
(-0.0146551 -0.0482214 1.04)
(-0.0147353 -0.0485021 1.04)
(-0.0148022 -0.048736 1.04)
(-0.0148579 -0.048931 1.04)
(-0.0149043 -0.0490934 1.04)
(-0.014943 -0.0492288 1.04)
(-0.0149752 -0.0493417 1.04)
(-0.0150021 -0.0494357 1.04)
(-0.0150245 -0.049514 1.04)
(-0.0150432 -0.0495793 1.04)
(-0.0150587 -0.0496337 1.04)
(-0.0150717 -0.0496791 1.04)
(-0.0150825 -0.0497169 1.04)
(-0.00702041 -0.0289202 1.04)
(-0.00782199 -0.0325563 1.04)
(-0.00849078 -0.03559 1.04)
(-0.00904855 -0.0381201 1.04)
(-0.00951359 -0.0402296 1.04)
(-0.00990128 -0.0419882 1.04)
(-0.0102244 -0.0434541 1.04)
(-0.0104938 -0.0446759 1.04)
(-0.0107183 -0.0456943 1.04)
(-0.0109054 -0.0465431 1.04)
(-0.0110614 -0.0472504 1.04)
(-0.0111913 -0.04784 1.04)
(-0.0112996 -0.0483313 1.04)
(-0.0113899 -0.0487407 1.04)
(-0.0114651 -0.0490819 1.04)
(-0.0115278 -0.0493663 1.04)
(-0.0115801 -0.0496032 1.04)
(-0.0116236 -0.0498007 1.04)
(-0.0116599 -0.0499653 1.04)
(-0.0116901 -0.0501024 1.04)
(-0.0117153 -0.0502167 1.04)
(-0.0117363 -0.050312 1.04)
(-0.0117538 -0.0503913 1.04)
(-0.0117684 -0.0504575 1.04)
(-0.0117805 -0.0505126 1.04)
(-0.0117906 -0.0505585 1.04)
(-0.0117991 -0.0505968 1.04)
(-0.0050469 -0.0294257 1.04)
(-0.00562022 -0.0330882 1.04)
(-0.00609857 -0.036144 1.04)
(-0.0064975 -0.0386925 1.04)
(-0.00683012 -0.0408174 1.04)
(-0.00710741 -0.0425888 1.04)
(-0.00733855 -0.0440654 1.04)
(-0.00753121 -0.0452962 1.04)
(-0.00769178 -0.046322 1.04)
(-0.00782561 -0.0471769 1.04)
(-0.00793715 -0.0478895 1.04)
(-0.0080301 -0.0484833 1.04)
(-0.00810757 -0.0489782 1.04)
(-0.00817213 -0.0493906 1.04)
(-0.00822593 -0.0497343 1.04)
(-0.00827076 -0.0500207 1.04)
(-0.00830813 -0.0502594 1.04)
(-0.00833927 -0.0504583 1.04)
(-0.00836521 -0.0506241 1.04)
(-0.00838684 -0.0507622 1.04)
(-0.00840486 -0.0508774 1.04)
(-0.00841988 -0.0509733 1.04)
(-0.00843239 -0.0510532 1.04)
(-0.00844282 -0.0511199 1.04)
(-0.00845151 -0.0511754 1.04)
(-0.00845875 -0.0512217 1.04)
(-0.00846479 -0.0512602 1.04)
(-0.00304452 -0.029799 1.04)
(-0.00338827 -0.0334734 1.04)
(-0.00367507 -0.0365391 1.04)
(-0.00391426 -0.0390959 1.04)
(-0.00411369 -0.0412276 1.04)
(-0.00427994 -0.0430048 1.04)
(-0.00441853 -0.0444861 1.04)
(-0.00453404 -0.0457209 1.04)
(-0.00463032 -0.04675 1.04)
(-0.00471056 -0.0476077 1.04)
(-0.00477743 -0.0483225 1.04)
(-0.00483316 -0.0489183 1.04)
(-0.00487961 -0.0494148 1.04)
(-0.00491832 -0.0498285 1.04)
(-0.00495057 -0.0501733 1.04)
(-0.00497746 -0.0504607 1.04)
(-0.00499986 -0.0507002 1.04)
(-0.00501853 -0.0508997 1.04)
(-0.00503409 -0.051066 1.04)
(-0.00504705 -0.0512046 1.04)
(-0.00505785 -0.0513201 1.04)
(-0.00506686 -0.0514164 1.04)
(-0.00507436 -0.0514966 1.04)
(-0.00508061 -0.0515634 1.04)
(-0.00508583 -0.0516191 1.04)
(-0.00509017 -0.0516655 1.04)
(-0.00509379 -0.0517042 1.04)
(-0.00101813 -0.030002 1.04)
(-0.00113259 -0.0336797 1.04)
(-0.00122808 -0.0367482 1.04)
(-0.00130772 -0.0393072 1.04)
(-0.00137413 -0.0414409 1.04)
(-0.00142948 -0.0432196 1.04)
(-0.00147563 -0.0447023 1.04)
(-0.00151409 -0.0459381 1.04)
(-0.00154615 -0.0469681 1.04)
(-0.00157286 -0.0478266 1.04)
(-0.00159513 -0.0485421 1.04)
(-0.00161369 -0.0491383 1.04)
(-0.00162915 -0.0496353 1.04)
(-0.00164204 -0.0500494 1.04)
(-0.00165278 -0.0503945 1.04)
(-0.00166173 -0.0506821 1.04)
(-0.00166919 -0.0509218 1.04)
(-0.00167541 -0.0511215 1.04)
(-0.00168059 -0.051288 1.04)
(-0.00168491 -0.0514267 1.04)
(-0.0016885 -0.0515423 1.04)
(-0.0016915 -0.0516386 1.04)
(-0.001694 -0.0517189 1.04)
(-0.00169608 -0.0517858 1.04)
(-0.00169782 -0.0518415 1.04)
(-0.00169926 -0.051888 1.04)
(-0.00170047 -0.0519267 1.04)
(0.00101813 -0.030002 1.04)
(0.00113259 -0.0336797 1.04)
(0.00122808 -0.0367482 1.04)
(0.00130772 -0.0393072 1.04)
(0.00137413 -0.0414409 1.04)
(0.00142948 -0.0432196 1.04)
(0.00147563 -0.0447023 1.04)
(0.00151409 -0.0459381 1.04)
(0.00154615 -0.0469681 1.04)
(0.00157286 -0.0478266 1.04)
(0.00159513 -0.0485421 1.04)
(0.00161369 -0.0491383 1.04)
(0.00162915 -0.0496353 1.04)
(0.00164204 -0.0500494 1.04)
(0.00165278 -0.0503945 1.04)
(0.00166173 -0.0506821 1.04)
(0.00166919 -0.0509218 1.04)
(0.00167541 -0.0511215 1.04)
(0.00168059 -0.051288 1.04)
(0.00168491 -0.0514267 1.04)
(0.0016885 -0.0515423 1.04)
(0.0016915 -0.0516386 1.04)
(0.001694 -0.0517189 1.04)
(0.00169608 -0.0517858 1.04)
(0.00169782 -0.0518415 1.04)
(0.00169926 -0.051888 1.04)
(0.00170047 -0.0519267 1.04)
(0.00304452 -0.029799 1.04)
(0.00338827 -0.0334734 1.04)
(0.00367507 -0.0365391 1.04)
(0.00391426 -0.0390959 1.04)
(0.00411369 -0.0412276 1.04)
(0.00427994 -0.0430048 1.04)
(0.00441853 -0.0444861 1.04)
(0.00453404 -0.0457209 1.04)
(0.00463032 -0.04675 1.04)
(0.00471056 -0.0476077 1.04)
(0.00477743 -0.0483225 1.04)
(0.00483316 -0.0489183 1.04)
(0.00487961 -0.0494148 1.04)
(0.00491832 -0.0498285 1.04)
(0.00495057 -0.0501733 1.04)
(0.00497746 -0.0504607 1.04)
(0.00499986 -0.0507002 1.04)
(0.00501853 -0.0508997 1.04)
(0.00503409 -0.051066 1.04)
(0.00504705 -0.0512046 1.04)
(0.00505785 -0.0513201 1.04)
(0.00506686 -0.0514164 1.04)
(0.00507436 -0.0514966 1.04)
(0.00508061 -0.0515634 1.04)
(0.00508583 -0.0516191 1.04)
(0.00509017 -0.0516655 1.04)
(0.00509379 -0.0517042 1.04)
(0.0050469 -0.0294257 1.04)
(0.00562022 -0.0330882 1.04)
(0.00609857 -0.036144 1.04)
(0.0064975 -0.0386925 1.04)
(0.00683012 -0.0408174 1.04)
(0.00710741 -0.0425888 1.04)
(0.00733855 -0.0440654 1.04)
(0.00753121 -0.0452962 1.04)
(0.00769178 -0.046322 1.04)
(0.00782561 -0.0471769 1.04)
(0.00793715 -0.0478895 1.04)
(0.0080301 -0.0484833 1.04)
(0.00810757 -0.0489782 1.04)
(0.00817213 -0.0493906 1.04)
(0.00822593 -0.0497343 1.04)
(0.00827076 -0.0500207 1.04)
(0.00830813 -0.0502594 1.04)
(0.00833927 -0.0504583 1.04)
(0.00836521 -0.0506241 1.04)
(0.00838684 -0.0507622 1.04)
(0.00840486 -0.0508774 1.04)
(0.00841988 -0.0509733 1.04)
(0.00843239 -0.0510532 1.04)
(0.00844282 -0.0511199 1.04)
(0.00845151 -0.0511754 1.04)
(0.00845875 -0.0512217 1.04)
(0.00846479 -0.0512602 1.04)
(0.00702041 -0.0289202 1.04)
(0.00782199 -0.0325563 1.04)
(0.00849078 -0.03559 1.04)
(0.00904855 -0.0381201 1.04)
(0.00951359 -0.0402296 1.04)
(0.00990128 -0.0419882 1.04)
(0.0102244 -0.0434541 1.04)
(0.0104938 -0.0446759 1.04)
(0.0107183 -0.0456943 1.04)
(0.0109054 -0.0465431 1.04)
(0.0110614 -0.0472504 1.04)
(0.0111913 -0.04784 1.04)
(0.0112996 -0.0483313 1.04)
(0.0113899 -0.0487407 1.04)
(0.0114651 -0.0490819 1.04)
(0.0115278 -0.0493663 1.04)
(0.0115801 -0.0496032 1.04)
(0.0116236 -0.0498007 1.04)
(0.0116599 -0.0499653 1.04)
(0.0116901 -0.0501024 1.04)
(0.0117153 -0.0502167 1.04)
(0.0117363 -0.050312 1.04)
(0.0117538 -0.0503913 1.04)
(0.0117684 -0.0504575 1.04)
(0.0117805 -0.0505126 1.04)
(0.0117906 -0.0505585 1.04)
(0.0117991 -0.0505968 1.04)
(0.00896665 -0.0283171 1.04)
(0.00999254 -0.0319068 1.04)
(0.0108485 -0.0349018 1.04)
(0.0115623 -0.0373995 1.04)
(0.0121575 -0.0394821 1.04)
(0.0126537 -0.0412182 1.04)
(0.0130672 -0.0426654 1.04)
(0.013412 -0.0438717 1.04)
(0.0136993 -0.044877 1.04)
(0.0139388 -0.0457149 1.04)
(0.0141383 -0.0464133 1.04)
(0.0143047 -0.0469953 1.04)
(0.0144433 -0.0474803 1.04)
(0.0145588 -0.0478845 1.04)
(0.0146551 -0.0482214 1.04)
(0.0147353 -0.0485021 1.04)
(0.0148022 -0.048736 1.04)
(0.0148579 -0.048931 1.04)
(0.0149043 -0.0490934 1.04)
(0.014943 -0.0492288 1.04)
(0.0149752 -0.0493417 1.04)
(0.0150021 -0.0494357 1.04)
(0.0150245 -0.049514 1.04)
(0.0150432 -0.0495793 1.04)
(0.0150587 -0.0496337 1.04)
(0.0150717 -0.0496791 1.04)
(0.0150825 -0.0497169 1.04)
(0.0108909 -0.0276466 1.04)
(0.0121339 -0.0311655 1.04)
(0.013171 -0.0341014 1.04)
(0.0140359 -0.0365499 1.04)
(0.014757 -0.0385914 1.04)
(0.0153582 -0.0402933 1.04)
(0.0158593 -0.0417119 1.04)
(0.016277 -0.0428944 1.04)
(0.0166251 -0.0438799 1.04)
(0.0169152 -0.0447013 1.04)
(0.017157 -0.0453859 1.04)
(0.0173586 -0.0459564 1.04)
(0.0175265 -0.0464318 1.04)
(0.0176665 -0.0468281 1.04)
(0.0177831 -0.0471583 1.04)
(0.0178803 -0.0474335 1.04)
(0.0179613 -0.0476628 1.04)
(0.0180289 -0.0478539 1.04)
(0.0180851 -0.0480132 1.04)
(0.018132 -0.0481459 1.04)
(0.0181711 -0.0482565 1.04)
(0.0182036 -0.0483487 1.04)
(0.0182307 -0.0484255 1.04)
(0.0182534 -0.0484895 1.04)
(0.0182722 -0.0485428 1.04)
(0.0182879 -0.0485873 1.04)
(0.018301 -0.0486243 1.04)
(0.0128001 -0.0269357 1.04)
(0.0142495 -0.0303557 1.04)
(0.0154588 -0.0332091 1.04)
(0.0164674 -0.0355888 1.04)
(0.0173083 -0.0375729 1.04)
(0.0180093 -0.039227 1.04)
(0.0185936 -0.0406057 1.04)
(0.0190807 -0.041755 1.04)
(0.0194866 -0.0427128 1.04)
(0.019825 -0.0435111 1.04)
(0.020107 -0.0441764 1.04)
(0.020342 -0.0447309 1.04)
(0.0205378 -0.045193 1.04)
(0.020701 -0.0455781 1.04)
(0.020837 -0.045899 1.04)
(0.0209504 -0.0461665 1.04)
(0.0210448 -0.0463894 1.04)
(0.0211235 -0.0465751 1.04)
(0.0211891 -0.0467299 1.04)
(0.0212438 -0.0468589 1.04)
(0.0212894 -0.0469664 1.04)
(0.0213273 -0.047056 1.04)
(0.021359 -0.0471306 1.04)
(0.0213853 -0.0471928 1.04)
(0.0214073 -0.0472447 1.04)
(0.0214256 -0.0472879 1.04)
(0.0214409 -0.0473239 1.04)
(0.014702 -0.0262098 1.04)
(0.0163436 -0.0294994 1.04)
(0.0177133 -0.032244 1.04)
(0.0188556 -0.034533 1.04)
(0.019808 -0.0364416 1.04)
(0.020602 -0.0380326 1.04)
(0.0212639 -0.0393589 1.04)
(0.0218155 -0.0404644 1.04)
(0.0222753 -0.0413857 1.04)
(0.0226585 -0.0421536 1.04)
(0.0229779 -0.0427936 1.04)
(0.0232441 -0.043327 1.04)
(0.0234659 -0.0437715 1.04)
(0.0236507 -0.0441419 1.04)
(0.0238048 -0.0444506 1.04)
(0.0239332 -0.0447079 1.04)
(0.0240402 -0.0449223 1.04)
(0.0241293 -0.0451009 1.04)
(0.0242036 -0.0452498 1.04)
(0.0242656 -0.0453739 1.04)
(0.0243172 -0.0454773 1.04)
(0.0243602 -0.0455635 1.04)
(0.024396 -0.0456353 1.04)
(0.0244259 -0.0456951 1.04)
(0.0244507 -0.045745 1.04)
(0.0244715 -0.0457865 1.04)
(0.0244888 -0.0458212 1.04)
(0.0166041 -0.0254942 1.04)
(0.0184201 -0.0286187 1.04)
(0.0199354 -0.0312257 1.04)
(0.0211992 -0.0334 1.04)
(0.0222529 -0.0352129 1.04)
(0.0231314 -0.0367243 1.04)
(0.0238636 -0.0379841 1.04)
(0.024474 -0.0390342 1.04)
(0.0249827 -0.0399094 1.04)
(0.0254066 -0.0406389 1.04)
(0.02576 -0.0412468 1.04)
(0.0260545 -0.0417534 1.04)
(0.0262999 -0.0421757 1.04)
(0.0265044 -0.0425276 1.04)
(0.0266749 -0.0428208 1.04)
(0.0268169 -0.0430652 1.04)
(0.0269353 -0.0432689 1.04)
(0.0270339 -0.0434386 1.04)
(0.0271161 -0.04358 1.04)
(0.0271846 -0.0436979 1.04)
(0.0272417 -0.0437961 1.04)
(0.0272893 -0.0438779 1.04)
(0.027329 -0.0439462 1.04)
(0.027362 -0.044003 1.04)
(0.0273895 -0.0440504 1.04)
(0.0274125 -0.0440898 1.04)
(0.0274316 -0.0441227 1.04)
(0.0185132 -0.0248158 1.04)
(0.0204826 -0.0277372 1.04)
(0.022126 -0.0301749 1.04)
(0.0234967 -0.0322082 1.04)
(0.0246396 -0.0339035 1.04)
(0.0255924 -0.0353169 1.04)
(0.0263867 -0.0364951 1.04)
(0.0270487 -0.0374771 1.04)
(0.0276005 -0.0382956 1.04)
(0.0280604 -0.0389778 1.04)
(0.0284436 -0.0395464 1.04)
(0.0287631 -0.0400202 1.04)
(0.0290293 -0.0404151 1.04)
(0.0292511 -0.0407442 1.04)
(0.029436 -0.0410184 1.04)
(0.0295901 -0.041247 1.04)
(0.0297185 -0.0414374 1.04)
(0.0298255 -0.0415961 1.04)
(0.0299146 -0.0417284 1.04)
(0.0299889 -0.0418386 1.04)
(0.0300509 -0.0419305 1.04)
(0.0301025 -0.0420071 1.04)
(0.0301455 -0.0420708 1.04)
(0.0301813 -0.042124 1.04)
(0.0302112 -0.0421683 1.04)
(0.0302361 -0.0422052 1.04)
(0.0302568 -0.042236 1.04)
(0.0204323 -0.0241942 1.04)
(0.0225314 -0.0268724 1.04)
(0.0242833 -0.0291077 1.04)
(0.0257446 -0.0309722 1.04)
(0.0269632 -0.032527 1.04)
(0.0279791 -0.0338232 1.04)
(0.0288259 -0.0349037 1.04)
(0.0295318 -0.0358044 1.04)
(0.0301201 -0.036555 1.04)
(0.0306105 -0.0371807 1.04)
(0.0310192 -0.0377021 1.04)
(0.0313598 -0.0381367 1.04)
(0.0316436 -0.0384989 1.04)
(0.0318802 -0.0388007 1.04)
(0.0320773 -0.0390522 1.04)
(0.0322416 -0.0392618 1.04)
(0.0323785 -0.0394365 1.04)
(0.0324926 -0.0395821 1.04)
(0.0325877 -0.0397034 1.04)
(0.0326669 -0.0398045 1.04)
(0.0327329 -0.0398888 1.04)
(0.032788 -0.039959 1.04)
(0.0328338 -0.0400175 1.04)
(0.032872 -0.0400662 1.04)
(0.0329039 -0.0401069 1.04)
(0.0329304 -0.0401407 1.04)
(0.0329525 -0.0401689 1.04)
(0.0223553 -0.0236177 1.04)
(0.0245596 -0.0260164 1.04)
(0.0263997 -0.0280189 1.04)
(0.0279348 -0.0296894 1.04)
(0.029215 -0.0310824 1.04)
(0.0302823 -0.0322439 1.04)
(0.031172 -0.0332121 1.04)
(0.0319136 -0.0340191 1.04)
(0.0325318 -0.0346917 1.04)
(0.0330469 -0.0352524 1.04)
(0.0334763 -0.0357196 1.04)
(0.0338342 -0.036109 1.04)
(0.0341324 -0.0364336 1.04)
(0.0343809 -0.036704 1.04)
(0.0345881 -0.0369294 1.04)
(0.0347607 -0.0371172 1.04)
(0.0349045 -0.0372738 1.04)
(0.0350244 -0.0374042 1.04)
(0.0351243 -0.0375129 1.04)
(0.0352075 -0.0376035 1.04)
(0.0352769 -0.037679 1.04)
(0.0353347 -0.0377419 1.04)
(0.0353829 -0.0377944 1.04)
(0.0354231 -0.0378381 1.04)
(0.0354565 -0.0378745 1.04)
(0.0354844 -0.0379048 1.04)
(0.0355076 -0.0379301 1.04)
(-0.0223553 0.0236177 1.04)
(-0.0245596 0.0260164 1.04)
(-0.0263997 0.0280189 1.04)
(-0.0279348 0.0296894 1.04)
(-0.029215 0.0310824 1.04)
(-0.0302823 0.0322439 1.04)
(-0.031172 0.0332121 1.04)
(-0.0319136 0.0340191 1.04)
(-0.0325318 0.0346917 1.04)
(-0.0330469 0.0352524 1.04)
(-0.0334763 0.0357196 1.04)
(-0.0338342 0.036109 1.04)
(-0.0341324 0.0364336 1.04)
(-0.0343809 0.036704 1.04)
(-0.0345881 0.0369294 1.04)
(-0.0347607 0.0371172 1.04)
(-0.0349045 0.0372738 1.04)
(-0.0350244 0.0374042 1.04)
(-0.0351243 0.0375129 1.04)
(-0.0352075 0.0376035 1.04)
(-0.0352769 0.037679 1.04)
(-0.0353347 0.0377419 1.04)
(-0.0353829 0.0377944 1.04)
(-0.0354231 0.0378381 1.04)
(-0.0354565 0.0378745 1.04)
(-0.0354844 0.0379048 1.04)
(-0.0355076 0.0379301 1.04)
(-0.0204323 0.0241942 1.04)
(-0.0225314 0.0268724 1.04)
(-0.0242833 0.0291077 1.04)
(-0.0257446 0.0309722 1.04)
(-0.0269632 0.032527 1.04)
(-0.0279791 0.0338232 1.04)
(-0.0288259 0.0349037 1.04)
(-0.0295318 0.0358044 1.04)
(-0.0301201 0.036555 1.04)
(-0.0306105 0.0371807 1.04)
(-0.0310192 0.0377021 1.04)
(-0.0313598 0.0381367 1.04)
(-0.0316436 0.0384989 1.04)
(-0.0318802 0.0388007 1.04)
(-0.0320773 0.0390522 1.04)
(-0.0322416 0.0392618 1.04)
(-0.0323785 0.0394365 1.04)
(-0.0324926 0.0395821 1.04)
(-0.0325877 0.0397034 1.04)
(-0.0326669 0.0398045 1.04)
(-0.0327329 0.0398888 1.04)
(-0.032788 0.039959 1.04)
(-0.0328338 0.0400175 1.04)
(-0.032872 0.0400662 1.04)
(-0.0329039 0.0401069 1.04)
(-0.0329304 0.0401407 1.04)
(-0.0329525 0.0401689 1.04)
(-0.0185132 0.0248158 1.04)
(-0.0204826 0.0277372 1.04)
(-0.022126 0.0301749 1.04)
(-0.0234967 0.0322082 1.04)
(-0.0246396 0.0339035 1.04)
(-0.0255924 0.0353169 1.04)
(-0.0263867 0.0364951 1.04)
(-0.0270487 0.0374771 1.04)
(-0.0276005 0.0382956 1.04)
(-0.0280604 0.0389778 1.04)
(-0.0284436 0.0395464 1.04)
(-0.0287631 0.0400202 1.04)
(-0.0290293 0.0404151 1.04)
(-0.0292511 0.0407442 1.04)
(-0.029436 0.0410184 1.04)
(-0.0295901 0.041247 1.04)
(-0.0297185 0.0414374 1.04)
(-0.0298255 0.0415961 1.04)
(-0.0299146 0.0417284 1.04)
(-0.0299889 0.0418386 1.04)
(-0.0300509 0.0419305 1.04)
(-0.0301025 0.0420071 1.04)
(-0.0301455 0.0420708 1.04)
(-0.0301813 0.042124 1.04)
(-0.0302112 0.0421683 1.04)
(-0.0302361 0.0422052 1.04)
(-0.0302568 0.042236 1.04)
(-0.0166041 0.0254942 1.04)
(-0.0184201 0.0286187 1.04)
(-0.0199354 0.0312257 1.04)
(-0.0211992 0.0334 1.04)
(-0.0222529 0.0352129 1.04)
(-0.0231314 0.0367243 1.04)
(-0.0238636 0.0379841 1.04)
(-0.024474 0.0390342 1.04)
(-0.0249827 0.0399094 1.04)
(-0.0254066 0.0406389 1.04)
(-0.02576 0.0412468 1.04)
(-0.0260545 0.0417534 1.04)
(-0.0262999 0.0421757 1.04)
(-0.0265044 0.0425276 1.04)
(-0.0266749 0.0428208 1.04)
(-0.0268169 0.0430652 1.04)
(-0.0269353 0.0432689 1.04)
(-0.0270339 0.0434386 1.04)
(-0.0271161 0.04358 1.04)
(-0.0271846 0.0436979 1.04)
(-0.0272417 0.0437961 1.04)
(-0.0272893 0.0438779 1.04)
(-0.027329 0.0439462 1.04)
(-0.027362 0.044003 1.04)
(-0.0273895 0.0440504 1.04)
(-0.0274125 0.0440898 1.04)
(-0.0274316 0.0441227 1.04)
(-0.014702 0.0262098 1.04)
(-0.0163436 0.0294994 1.04)
(-0.0177133 0.032244 1.04)
(-0.0188556 0.034533 1.04)
(-0.019808 0.0364416 1.04)
(-0.020602 0.0380326 1.04)
(-0.0212639 0.0393589 1.04)
(-0.0218155 0.0404644 1.04)
(-0.0222753 0.0413857 1.04)
(-0.0226585 0.0421536 1.04)
(-0.0229779 0.0427936 1.04)
(-0.0232441 0.043327 1.04)
(-0.0234659 0.0437715 1.04)
(-0.0236507 0.0441419 1.04)
(-0.0238048 0.0444506 1.04)
(-0.0239332 0.0447079 1.04)
(-0.0240402 0.0449223 1.04)
(-0.0241293 0.0451009 1.04)
(-0.0242036 0.0452498 1.04)
(-0.0242656 0.0453739 1.04)
(-0.0243172 0.0454773 1.04)
(-0.0243602 0.0455635 1.04)
(-0.024396 0.0456353 1.04)
(-0.0244259 0.0456951 1.04)
(-0.0244507 0.045745 1.04)
(-0.0244715 0.0457865 1.04)
(-0.0244888 0.0458212 1.04)
(-0.0128001 0.0269357 1.04)
(-0.0142495 0.0303557 1.04)
(-0.0154588 0.0332091 1.04)
(-0.0164674 0.0355888 1.04)
(-0.0173083 0.0375729 1.04)
(-0.0180093 0.039227 1.04)
(-0.0185936 0.0406057 1.04)
(-0.0190807 0.041755 1.04)
(-0.0194866 0.0427128 1.04)
(-0.019825 0.0435111 1.04)
(-0.020107 0.0441764 1.04)
(-0.020342 0.0447309 1.04)
(-0.0205378 0.045193 1.04)
(-0.020701 0.0455781 1.04)
(-0.020837 0.045899 1.04)
(-0.0209504 0.0461665 1.04)
(-0.0210448 0.0463894 1.04)
(-0.0211235 0.0465751 1.04)
(-0.0211891 0.0467299 1.04)
(-0.0212438 0.0468589 1.04)
(-0.0212894 0.0469664 1.04)
(-0.0213273 0.047056 1.04)
(-0.021359 0.0471306 1.04)
(-0.0213853 0.0471928 1.04)
(-0.0214073 0.0472447 1.04)
(-0.0214256 0.0472879 1.04)
(-0.0214409 0.0473239 1.04)
(-0.0108909 0.0276466 1.04)
(-0.0121339 0.0311655 1.04)
(-0.013171 0.0341014 1.04)
(-0.0140359 0.0365499 1.04)
(-0.014757 0.0385914 1.04)
(-0.0153582 0.0402933 1.04)
(-0.0158593 0.0417119 1.04)
(-0.016277 0.0428944 1.04)
(-0.0166251 0.0438799 1.04)
(-0.0169152 0.0447013 1.04)
(-0.017157 0.0453859 1.04)
(-0.0173586 0.0459564 1.04)
(-0.0175265 0.0464318 1.04)
(-0.0176665 0.0468281 1.04)
(-0.0177831 0.0471583 1.04)
(-0.0178803 0.0474335 1.04)
(-0.0179613 0.0476628 1.04)
(-0.0180289 0.0478539 1.04)
(-0.0180851 0.0480132 1.04)
(-0.018132 0.0481459 1.04)
(-0.0181711 0.0482565 1.04)
(-0.0182036 0.0483487 1.04)
(-0.0182307 0.0484255 1.04)
(-0.0182534 0.0484895 1.04)
(-0.0182722 0.0485428 1.04)
(-0.0182879 0.0485873 1.04)
(-0.018301 0.0486243 1.04)
(-0.00896665 0.0283171 1.04)
(-0.00999254 0.0319068 1.04)
(-0.0108485 0.0349018 1.04)
(-0.0115623 0.0373995 1.04)
(-0.0121575 0.0394821 1.04)
(-0.0126537 0.0412182 1.04)
(-0.0130672 0.0426654 1.04)
(-0.013412 0.0438717 1.04)
(-0.0136993 0.044877 1.04)
(-0.0139388 0.0457149 1.04)
(-0.0141383 0.0464133 1.04)
(-0.0143047 0.0469953 1.04)
(-0.0144433 0.0474803 1.04)
(-0.0145588 0.0478845 1.04)
(-0.0146551 0.0482214 1.04)
(-0.0147353 0.0485021 1.04)
(-0.0148022 0.048736 1.04)
(-0.0148579 0.048931 1.04)
(-0.0149043 0.0490934 1.04)
(-0.014943 0.0492288 1.04)
(-0.0149752 0.0493417 1.04)
(-0.0150021 0.0494357 1.04)
(-0.0150245 0.049514 1.04)
(-0.0150432 0.0495793 1.04)
(-0.0150587 0.0496337 1.04)
(-0.0150717 0.0496791 1.04)
(-0.0150825 0.0497169 1.04)
(-0.00702041 0.0289202 1.04)
(-0.00782199 0.0325563 1.04)
(-0.00849078 0.03559 1.04)
(-0.00904855 0.0381201 1.04)
(-0.00951359 0.0402296 1.04)
(-0.00990128 0.0419882 1.04)
(-0.0102244 0.0434541 1.04)
(-0.0104938 0.0446759 1.04)
(-0.0107183 0.0456943 1.04)
(-0.0109054 0.0465431 1.04)
(-0.0110614 0.0472504 1.04)
(-0.0111913 0.04784 1.04)
(-0.0112996 0.0483313 1.04)
(-0.0113899 0.0487407 1.04)
(-0.0114651 0.0490819 1.04)
(-0.0115278 0.0493663 1.04)
(-0.0115801 0.0496032 1.04)
(-0.0116236 0.0498007 1.04)
(-0.0116599 0.0499653 1.04)
(-0.0116901 0.0501024 1.04)
(-0.0117153 0.0502167 1.04)
(-0.0117363 0.050312 1.04)
(-0.0117538 0.0503913 1.04)
(-0.0117684 0.0504575 1.04)
(-0.0117805 0.0505126 1.04)
(-0.0117906 0.0505585 1.04)
(-0.0117991 0.0505968 1.04)
(-0.0050469 0.0294257 1.04)
(-0.00562022 0.0330882 1.04)
(-0.00609857 0.036144 1.04)
(-0.0064975 0.0386925 1.04)
(-0.00683012 0.0408174 1.04)
(-0.00710741 0.0425888 1.04)
(-0.00733855 0.0440654 1.04)
(-0.00753121 0.0452962 1.04)
(-0.00769178 0.046322 1.04)
(-0.00782561 0.0471769 1.04)
(-0.00793715 0.0478895 1.04)
(-0.0080301 0.0484833 1.04)
(-0.00810757 0.0489782 1.04)
(-0.00817213 0.0493906 1.04)
(-0.00822593 0.0497343 1.04)
(-0.00827076 0.0500207 1.04)
(-0.00830813 0.0502594 1.04)
(-0.00833927 0.0504583 1.04)
(-0.00836521 0.0506241 1.04)
(-0.00838684 0.0507622 1.04)
(-0.00840486 0.0508774 1.04)
(-0.00841988 0.0509733 1.04)
(-0.00843239 0.0510532 1.04)
(-0.00844282 0.0511199 1.04)
(-0.00845151 0.0511754 1.04)
(-0.00845875 0.0512217 1.04)
(-0.00846479 0.0512602 1.04)
(-0.00304452 0.029799 1.04)
(-0.00338827 0.0334734 1.04)
(-0.00367507 0.0365391 1.04)
(-0.00391426 0.0390959 1.04)
(-0.00411369 0.0412276 1.04)
(-0.00427994 0.0430048 1.04)
(-0.00441853 0.0444861 1.04)
(-0.00453404 0.0457209 1.04)
(-0.00463032 0.04675 1.04)
(-0.00471056 0.0476077 1.04)
(-0.00477743 0.0483225 1.04)
(-0.00483316 0.0489183 1.04)
(-0.00487961 0.0494148 1.04)
(-0.00491832 0.0498285 1.04)
(-0.00495057 0.0501733 1.04)
(-0.00497746 0.0504607 1.04)
(-0.00499986 0.0507002 1.04)
(-0.00501853 0.0508997 1.04)
(-0.00503409 0.051066 1.04)
(-0.00504705 0.0512046 1.04)
(-0.00505785 0.0513201 1.04)
(-0.00506686 0.0514164 1.04)
(-0.00507436 0.0514966 1.04)
(-0.00508061 0.0515634 1.04)
(-0.00508583 0.0516191 1.04)
(-0.00509017 0.0516655 1.04)
(-0.00509379 0.0517042 1.04)
(-0.00101813 0.030002 1.04)
(-0.00113259 0.0336797 1.04)
(-0.00122808 0.0367482 1.04)
(-0.00130772 0.0393072 1.04)
(-0.00137413 0.0414409 1.04)
(-0.00142948 0.0432196 1.04)
(-0.00147563 0.0447023 1.04)
(-0.00151409 0.0459381 1.04)
(-0.00154615 0.0469681 1.04)
(-0.00157286 0.0478266 1.04)
(-0.00159513 0.0485421 1.04)
(-0.00161369 0.0491383 1.04)
(-0.00162915 0.0496353 1.04)
(-0.00164204 0.0500494 1.04)
(-0.00165278 0.0503945 1.04)
(-0.00166173 0.0506821 1.04)
(-0.00166919 0.0509218 1.04)
(-0.00167541 0.0511215 1.04)
(-0.00168059 0.051288 1.04)
(-0.00168491 0.0514267 1.04)
(-0.0016885 0.0515423 1.04)
(-0.0016915 0.0516386 1.04)
(-0.001694 0.0517189 1.04)
(-0.00169608 0.0517858 1.04)
(-0.00169782 0.0518415 1.04)
(-0.00169926 0.051888 1.04)
(-0.00170047 0.0519267 1.04)
(0.00101813 0.030002 1.04)
(0.00113259 0.0336797 1.04)
(0.00122808 0.0367482 1.04)
(0.00130772 0.0393072 1.04)
(0.00137413 0.0414409 1.04)
(0.00142948 0.0432196 1.04)
(0.00147563 0.0447023 1.04)
(0.00151409 0.0459381 1.04)
(0.00154615 0.0469681 1.04)
(0.00157286 0.0478266 1.04)
(0.00159513 0.0485421 1.04)
(0.00161369 0.0491383 1.04)
(0.00162915 0.0496353 1.04)
(0.00164204 0.0500494 1.04)
(0.00165278 0.0503945 1.04)
(0.00166173 0.0506821 1.04)
(0.00166919 0.0509218 1.04)
(0.00167541 0.0511215 1.04)
(0.00168059 0.051288 1.04)
(0.00168491 0.0514267 1.04)
(0.0016885 0.0515423 1.04)
(0.0016915 0.0516386 1.04)
(0.001694 0.0517189 1.04)
(0.00169608 0.0517858 1.04)
(0.00169782 0.0518415 1.04)
(0.00169926 0.051888 1.04)
(0.00170047 0.0519267 1.04)
(0.00304452 0.029799 1.04)
(0.00338827 0.0334734 1.04)
(0.00367507 0.0365391 1.04)
(0.00391426 0.0390959 1.04)
(0.00411369 0.0412276 1.04)
(0.00427994 0.0430048 1.04)
(0.00441853 0.0444861 1.04)
(0.00453404 0.0457209 1.04)
(0.00463032 0.04675 1.04)
(0.00471056 0.0476077 1.04)
(0.00477743 0.0483225 1.04)
(0.00483316 0.0489183 1.04)
(0.00487961 0.0494148 1.04)
(0.00491832 0.0498285 1.04)
(0.00495057 0.0501733 1.04)
(0.00497746 0.0504607 1.04)
(0.00499986 0.0507002 1.04)
(0.00501853 0.0508997 1.04)
(0.00503409 0.051066 1.04)
(0.00504705 0.0512046 1.04)
(0.00505785 0.0513201 1.04)
(0.00506686 0.0514164 1.04)
(0.00507436 0.0514966 1.04)
(0.00508061 0.0515634 1.04)
(0.00508583 0.0516191 1.04)
(0.00509017 0.0516655 1.04)
(0.00509379 0.0517042 1.04)
(0.0050469 0.0294257 1.04)
(0.00562022 0.0330882 1.04)
(0.00609857 0.036144 1.04)
(0.0064975 0.0386925 1.04)
(0.00683012 0.0408174 1.04)
(0.00710741 0.0425888 1.04)
(0.00733855 0.0440654 1.04)
(0.00753121 0.0452962 1.04)
(0.00769178 0.046322 1.04)
(0.00782561 0.0471769 1.04)
(0.00793715 0.0478895 1.04)
(0.0080301 0.0484833 1.04)
(0.00810757 0.0489782 1.04)
(0.00817213 0.0493906 1.04)
(0.00822593 0.0497343 1.04)
(0.00827076 0.0500207 1.04)
(0.00830813 0.0502594 1.04)
(0.00833927 0.0504583 1.04)
(0.00836521 0.0506241 1.04)
(0.00838684 0.0507622 1.04)
(0.00840486 0.0508774 1.04)
(0.00841988 0.0509733 1.04)
(0.00843239 0.0510532 1.04)
(0.00844282 0.0511199 1.04)
(0.00845151 0.0511754 1.04)
(0.00845875 0.0512217 1.04)
(0.00846479 0.0512602 1.04)
(0.00702041 0.0289202 1.04)
(0.00782199 0.0325563 1.04)
(0.00849078 0.03559 1.04)
(0.00904855 0.0381201 1.04)
(0.00951359 0.0402296 1.04)
(0.00990128 0.0419882 1.04)
(0.0102244 0.0434541 1.04)
(0.0104938 0.0446759 1.04)
(0.0107183 0.0456943 1.04)
(0.0109054 0.0465431 1.04)
(0.0110614 0.0472504 1.04)
(0.0111913 0.04784 1.04)
(0.0112996 0.0483313 1.04)
(0.0113899 0.0487407 1.04)
(0.0114651 0.0490819 1.04)
(0.0115278 0.0493663 1.04)
(0.0115801 0.0496032 1.04)
(0.0116236 0.0498007 1.04)
(0.0116599 0.0499653 1.04)
(0.0116901 0.0501024 1.04)
(0.0117153 0.0502167 1.04)
(0.0117363 0.050312 1.04)
(0.0117538 0.0503913 1.04)
(0.0117684 0.0504575 1.04)
(0.0117805 0.0505126 1.04)
(0.0117906 0.0505585 1.04)
(0.0117991 0.0505968 1.04)
(0.00896665 0.0283171 1.04)
(0.00999254 0.0319068 1.04)
(0.0108485 0.0349018 1.04)
(0.0115623 0.0373995 1.04)
(0.0121575 0.0394821 1.04)
(0.0126537 0.0412182 1.04)
(0.0130672 0.0426654 1.04)
(0.013412 0.0438717 1.04)
(0.0136993 0.044877 1.04)
(0.0139388 0.0457149 1.04)
(0.0141383 0.0464133 1.04)
(0.0143047 0.0469953 1.04)
(0.0144433 0.0474803 1.04)
(0.0145588 0.0478845 1.04)
(0.0146551 0.0482214 1.04)
(0.0147353 0.0485021 1.04)
(0.0148022 0.048736 1.04)
(0.0148579 0.048931 1.04)
(0.0149043 0.0490934 1.04)
(0.014943 0.0492288 1.04)
(0.0149752 0.0493417 1.04)
(0.0150021 0.0494357 1.04)
(0.0150245 0.049514 1.04)
(0.0150432 0.0495793 1.04)
(0.0150587 0.0496337 1.04)
(0.0150717 0.0496791 1.04)
(0.0150825 0.0497169 1.04)
(0.0108909 0.0276466 1.04)
(0.0121339 0.0311655 1.04)
(0.013171 0.0341014 1.04)
(0.0140359 0.0365499 1.04)
(0.014757 0.0385914 1.04)
(0.0153582 0.0402933 1.04)
(0.0158593 0.0417119 1.04)
(0.016277 0.0428944 1.04)
(0.0166251 0.0438799 1.04)
(0.0169152 0.0447013 1.04)
(0.017157 0.0453859 1.04)
(0.0173586 0.0459564 1.04)
(0.0175265 0.0464318 1.04)
(0.0176665 0.0468281 1.04)
(0.0177831 0.0471583 1.04)
(0.0178803 0.0474335 1.04)
(0.0179613 0.0476628 1.04)
(0.0180289 0.0478539 1.04)
(0.0180851 0.0480132 1.04)
(0.018132 0.0481459 1.04)
(0.0181711 0.0482565 1.04)
(0.0182036 0.0483487 1.04)
(0.0182307 0.0484255 1.04)
(0.0182534 0.0484895 1.04)
(0.0182722 0.0485428 1.04)
(0.0182879 0.0485873 1.04)
(0.018301 0.0486243 1.04)
(0.0128001 0.0269357 1.04)
(0.0142495 0.0303557 1.04)
(0.0154588 0.0332091 1.04)
(0.0164674 0.0355888 1.04)
(0.0173083 0.0375729 1.04)
(0.0180093 0.039227 1.04)
(0.0185936 0.0406057 1.04)
(0.0190807 0.041755 1.04)
(0.0194866 0.0427128 1.04)
(0.019825 0.0435111 1.04)
(0.020107 0.0441764 1.04)
(0.020342 0.0447309 1.04)
(0.0205378 0.045193 1.04)
(0.020701 0.0455781 1.04)
(0.020837 0.045899 1.04)
(0.0209504 0.0461665 1.04)
(0.0210448 0.0463894 1.04)
(0.0211235 0.0465751 1.04)
(0.0211891 0.0467299 1.04)
(0.0212438 0.0468589 1.04)
(0.0212894 0.0469664 1.04)
(0.0213273 0.047056 1.04)
(0.021359 0.0471306 1.04)
(0.0213853 0.0471928 1.04)
(0.0214073 0.0472447 1.04)
(0.0214256 0.0472879 1.04)
(0.0214409 0.0473239 1.04)
(0.014702 0.0262098 1.04)
(0.0163436 0.0294994 1.04)
(0.0177133 0.032244 1.04)
(0.0188556 0.034533 1.04)
(0.019808 0.0364416 1.04)
(0.020602 0.0380326 1.04)
(0.0212639 0.0393589 1.04)
(0.0218155 0.0404644 1.04)
(0.0222753 0.0413857 1.04)
(0.0226585 0.0421536 1.04)
(0.0229779 0.0427936 1.04)
(0.0232441 0.043327 1.04)
(0.0234659 0.0437715 1.04)
(0.0236507 0.0441419 1.04)
(0.0238048 0.0444506 1.04)
(0.0239332 0.0447079 1.04)
(0.0240402 0.0449223 1.04)
(0.0241293 0.0451009 1.04)
(0.0242036 0.0452498 1.04)
(0.0242656 0.0453739 1.04)
(0.0243172 0.0454773 1.04)
(0.0243602 0.0455635 1.04)
(0.024396 0.0456353 1.04)
(0.0244259 0.0456951 1.04)
(0.0244507 0.045745 1.04)
(0.0244715 0.0457865 1.04)
(0.0244888 0.0458212 1.04)
(0.0166041 0.0254942 1.04)
(0.0184201 0.0286187 1.04)
(0.0199354 0.0312257 1.04)
(0.0211992 0.0334 1.04)
(0.0222529 0.0352129 1.04)
(0.0231314 0.0367243 1.04)
(0.0238636 0.0379841 1.04)
(0.024474 0.0390342 1.04)
(0.0249827 0.0399094 1.04)
(0.0254066 0.0406389 1.04)
(0.02576 0.0412468 1.04)
(0.0260545 0.0417534 1.04)
(0.0262999 0.0421757 1.04)
(0.0265044 0.0425276 1.04)
(0.0266749 0.0428208 1.04)
(0.0268169 0.0430652 1.04)
(0.0269353 0.0432689 1.04)
(0.0270339 0.0434386 1.04)
(0.0271161 0.04358 1.04)
(0.0271846 0.0436979 1.04)
(0.0272417 0.0437961 1.04)
(0.0272893 0.0438779 1.04)
(0.027329 0.0439462 1.04)
(0.027362 0.044003 1.04)
(0.0273895 0.0440504 1.04)
(0.0274125 0.0440898 1.04)
(0.0274316 0.0441227 1.04)
(0.0185132 0.0248158 1.04)
(0.0204826 0.0277372 1.04)
(0.022126 0.0301749 1.04)
(0.0234967 0.0322082 1.04)
(0.0246396 0.0339035 1.04)
(0.0255924 0.0353169 1.04)
(0.0263867 0.0364951 1.04)
(0.0270487 0.0374771 1.04)
(0.0276005 0.0382956 1.04)
(0.0280604 0.0389778 1.04)
(0.0284436 0.0395464 1.04)
(0.0287631 0.0400202 1.04)
(0.0290293 0.0404151 1.04)
(0.0292511 0.0407442 1.04)
(0.029436 0.0410184 1.04)
(0.0295901 0.041247 1.04)
(0.0297185 0.0414374 1.04)
(0.0298255 0.0415961 1.04)
(0.0299146 0.0417284 1.04)
(0.0299889 0.0418386 1.04)
(0.0300509 0.0419305 1.04)
(0.0301025 0.0420071 1.04)
(0.0301455 0.0420708 1.04)
(0.0301813 0.042124 1.04)
(0.0302112 0.0421683 1.04)
(0.0302361 0.0422052 1.04)
(0.0302568 0.042236 1.04)
(0.0204323 0.0241942 1.04)
(0.0225314 0.0268724 1.04)
(0.0242833 0.0291077 1.04)
(0.0257446 0.0309722 1.04)
(0.0269632 0.032527 1.04)
(0.0279791 0.0338232 1.04)
(0.0288259 0.0349037 1.04)
(0.0295318 0.0358044 1.04)
(0.0301201 0.036555 1.04)
(0.0306105 0.0371807 1.04)
(0.0310192 0.0377021 1.04)
(0.0313598 0.0381367 1.04)
(0.0316436 0.0384989 1.04)
(0.0318802 0.0388007 1.04)
(0.0320773 0.0390522 1.04)
(0.0322416 0.0392618 1.04)
(0.0323785 0.0394365 1.04)
(0.0324926 0.0395821 1.04)
(0.0325877 0.0397034 1.04)
(0.0326669 0.0398045 1.04)
(0.0327329 0.0398888 1.04)
(0.032788 0.039959 1.04)
(0.0328338 0.0400175 1.04)
(0.032872 0.0400662 1.04)
(0.0329039 0.0401069 1.04)
(0.0329304 0.0401407 1.04)
(0.0329525 0.0401689 1.04)
(0.0223553 0.0236177 1.04)
(0.0245596 0.0260164 1.04)
(0.0263997 0.0280189 1.04)
(0.0279348 0.0296894 1.04)
(0.029215 0.0310824 1.04)
(0.0302823 0.0322439 1.04)
(0.031172 0.0332121 1.04)
(0.0319136 0.0340191 1.04)
(0.0325318 0.0346917 1.04)
(0.0330469 0.0352524 1.04)
(0.0334763 0.0357196 1.04)
(0.0338342 0.036109 1.04)
(0.0341324 0.0364336 1.04)
(0.0343809 0.036704 1.04)
(0.0345881 0.0369294 1.04)
(0.0347607 0.0371172 1.04)
(0.0349045 0.0372738 1.04)
(0.0350244 0.0374042 1.04)
(0.0351243 0.0375129 1.04)
(0.0352075 0.0376035 1.04)
(0.0352769 0.037679 1.04)
(0.0353347 0.0377419 1.04)
(0.0353829 0.0377944 1.04)
(0.0354231 0.0378381 1.04)
(0.0354565 0.0378745 1.04)
(0.0354844 0.0379048 1.04)
(0.0355076 0.0379301 1.04)
(0.0236177 -0.0223553 1.04)
(0.0260164 -0.0245596 1.04)
(0.0280189 -0.0263997 1.04)
(0.0296894 -0.0279348 1.04)
(0.0310824 -0.029215 1.04)
(0.0322439 -0.0302823 1.04)
(0.0332121 -0.031172 1.04)
(0.0340191 -0.0319136 1.04)
(0.0346917 -0.0325318 1.04)
(0.0352524 -0.0330469 1.04)
(0.0357196 -0.0334763 1.04)
(0.036109 -0.0338342 1.04)
(0.0364336 -0.0341324 1.04)
(0.036704 -0.0343809 1.04)
(0.0369294 -0.0345881 1.04)
(0.0371172 -0.0347607 1.04)
(0.0372738 -0.0349045 1.04)
(0.0374042 -0.0350244 1.04)
(0.0375129 -0.0351243 1.04)
(0.0376035 -0.0352075 1.04)
(0.037679 -0.0352769 1.04)
(0.0377419 -0.0353347 1.04)
(0.0377944 -0.0353829 1.04)
(0.0378381 -0.0354231 1.04)
(0.0378745 -0.0354565 1.04)
(0.0379048 -0.0354844 1.04)
(0.0379301 -0.0355076 1.04)
(0.0241942 -0.0204323 1.04)
(0.0268724 -0.0225314 1.04)
(0.0291077 -0.0242833 1.04)
(0.0309722 -0.0257446 1.04)
(0.032527 -0.0269632 1.04)
(0.0338232 -0.0279791 1.04)
(0.0349037 -0.0288259 1.04)
(0.0358044 -0.0295318 1.04)
(0.036555 -0.0301201 1.04)
(0.0371807 -0.0306105 1.04)
(0.0377021 -0.0310192 1.04)
(0.0381367 -0.0313598 1.04)
(0.0384989 -0.0316436 1.04)
(0.0388007 -0.0318802 1.04)
(0.0390522 -0.0320773 1.04)
(0.0392618 -0.0322416 1.04)
(0.0394365 -0.0323785 1.04)
(0.0395821 -0.0324926 1.04)
(0.0397034 -0.0325877 1.04)
(0.0398045 -0.0326669 1.04)
(0.0398888 -0.0327329 1.04)
(0.039959 -0.032788 1.04)
(0.0400175 -0.0328338 1.04)
(0.0400662 -0.032872 1.04)
(0.0401069 -0.0329039 1.04)
(0.0401407 -0.0329304 1.04)
(0.0401689 -0.0329525 1.04)
(0.0248158 -0.0185132 1.04)
(0.0277372 -0.0204826 1.04)
(0.0301749 -0.022126 1.04)
(0.0322082 -0.0234967 1.04)
(0.0339035 -0.0246396 1.04)
(0.0353169 -0.0255924 1.04)
(0.0364951 -0.0263867 1.04)
(0.0374771 -0.0270487 1.04)
(0.0382956 -0.0276005 1.04)
(0.0389778 -0.0280604 1.04)
(0.0395464 -0.0284436 1.04)
(0.0400202 -0.0287631 1.04)
(0.0404151 -0.0290293 1.04)
(0.0407442 -0.0292511 1.04)
(0.0410184 -0.029436 1.04)
(0.041247 -0.0295901 1.04)
(0.0414374 -0.0297185 1.04)
(0.0415961 -0.0298255 1.04)
(0.0417284 -0.0299146 1.04)
(0.0418386 -0.0299889 1.04)
(0.0419305 -0.0300509 1.04)
(0.0420071 -0.0301025 1.04)
(0.0420708 -0.0301455 1.04)
(0.042124 -0.0301813 1.04)
(0.0421683 -0.0302112 1.04)
(0.0422052 -0.0302361 1.04)
(0.042236 -0.0302568 1.04)
(0.0254942 -0.0166041 1.04)
(0.0286187 -0.0184201 1.04)
(0.0312257 -0.0199354 1.04)
(0.0334 -0.0211992 1.04)
(0.0352129 -0.0222529 1.04)
(0.0367243 -0.0231314 1.04)
(0.0379841 -0.0238636 1.04)
(0.0390342 -0.024474 1.04)
(0.0399094 -0.0249827 1.04)
(0.0406389 -0.0254066 1.04)
(0.0412468 -0.02576 1.04)
(0.0417534 -0.0260545 1.04)
(0.0421757 -0.0262999 1.04)
(0.0425276 -0.0265044 1.04)
(0.0428208 -0.0266749 1.04)
(0.0430652 -0.0268169 1.04)
(0.0432689 -0.0269353 1.04)
(0.0434386 -0.0270339 1.04)
(0.04358 -0.0271161 1.04)
(0.0436979 -0.0271846 1.04)
(0.0437961 -0.0272417 1.04)
(0.0438779 -0.0272893 1.04)
(0.0439462 -0.027329 1.04)
(0.044003 -0.027362 1.04)
(0.0440504 -0.0273895 1.04)
(0.0440898 -0.0274125 1.04)
(0.0441227 -0.0274316 1.04)
(0.0262098 -0.014702 1.04)
(0.0294994 -0.0163436 1.04)
(0.032244 -0.0177133 1.04)
(0.034533 -0.0188556 1.04)
(0.0364416 -0.019808 1.04)
(0.0380326 -0.020602 1.04)
(0.0393589 -0.0212639 1.04)
(0.0404644 -0.0218155 1.04)
(0.0413857 -0.0222753 1.04)
(0.0421536 -0.0226585 1.04)
(0.0427936 -0.0229779 1.04)
(0.043327 -0.0232441 1.04)
(0.0437715 -0.0234659 1.04)
(0.0441419 -0.0236507 1.04)
(0.0444506 -0.0238048 1.04)
(0.0447079 -0.0239332 1.04)
(0.0449223 -0.0240402 1.04)
(0.0451009 -0.0241293 1.04)
(0.0452498 -0.0242036 1.04)
(0.0453739 -0.0242656 1.04)
(0.0454773 -0.0243172 1.04)
(0.0455635 -0.0243602 1.04)
(0.0456353 -0.024396 1.04)
(0.0456951 -0.0244259 1.04)
(0.045745 -0.0244507 1.04)
(0.0457865 -0.0244715 1.04)
(0.0458212 -0.0244888 1.04)
(0.0269357 -0.0128001 1.04)
(0.0303557 -0.0142495 1.04)
(0.0332091 -0.0154588 1.04)
(0.0355888 -0.0164674 1.04)
(0.0375729 -0.0173083 1.04)
(0.039227 -0.0180093 1.04)
(0.0406057 -0.0185936 1.04)
(0.041755 -0.0190807 1.04)
(0.0427128 -0.0194866 1.04)
(0.0435111 -0.019825 1.04)
(0.0441764 -0.020107 1.04)
(0.0447309 -0.020342 1.04)
(0.045193 -0.0205378 1.04)
(0.0455781 -0.020701 1.04)
(0.045899 -0.020837 1.04)
(0.0461665 -0.0209504 1.04)
(0.0463894 -0.0210448 1.04)
(0.0465751 -0.0211235 1.04)
(0.0467299 -0.0211891 1.04)
(0.0468589 -0.0212438 1.04)
(0.0469664 -0.0212894 1.04)
(0.047056 -0.0213273 1.04)
(0.0471306 -0.021359 1.04)
(0.0471928 -0.0213853 1.04)
(0.0472447 -0.0214073 1.04)
(0.0472879 -0.0214256 1.04)
(0.0473239 -0.0214409 1.04)
(0.0276466 -0.0108909 1.04)
(0.0311655 -0.0121339 1.04)
(0.0341014 -0.013171 1.04)
(0.0365499 -0.0140359 1.04)
(0.0385914 -0.014757 1.04)
(0.0402933 -0.0153582 1.04)
(0.0417119 -0.0158593 1.04)
(0.0428944 -0.016277 1.04)
(0.0438799 -0.0166251 1.04)
(0.0447013 -0.0169152 1.04)
(0.0453859 -0.017157 1.04)
(0.0459564 -0.0173586 1.04)
(0.0464318 -0.0175265 1.04)
(0.0468281 -0.0176665 1.04)
(0.0471583 -0.0177831 1.04)
(0.0474335 -0.0178803 1.04)
(0.0476628 -0.0179613 1.04)
(0.0478539 -0.0180289 1.04)
(0.0480132 -0.0180851 1.04)
(0.0481459 -0.018132 1.04)
(0.0482565 -0.0181711 1.04)
(0.0483487 -0.0182036 1.04)
(0.0484255 -0.0182307 1.04)
(0.0484895 -0.0182534 1.04)
(0.0485428 -0.0182722 1.04)
(0.0485873 -0.0182879 1.04)
(0.0486243 -0.018301 1.04)
(0.0283171 -0.00896665 1.04)
(0.0319068 -0.00999254 1.04)
(0.0349018 -0.0108485 1.04)
(0.0373995 -0.0115623 1.04)
(0.0394821 -0.0121575 1.04)
(0.0412182 -0.0126537 1.04)
(0.0426654 -0.0130672 1.04)
(0.0438717 -0.013412 1.04)
(0.044877 -0.0136993 1.04)
(0.0457149 -0.0139388 1.04)
(0.0464133 -0.0141383 1.04)
(0.0469953 -0.0143047 1.04)
(0.0474803 -0.0144433 1.04)
(0.0478845 -0.0145588 1.04)
(0.0482214 -0.0146551 1.04)
(0.0485021 -0.0147353 1.04)
(0.048736 -0.0148022 1.04)
(0.048931 -0.0148579 1.04)
(0.0490934 -0.0149043 1.04)
(0.0492288 -0.014943 1.04)
(0.0493417 -0.0149752 1.04)
(0.0494357 -0.0150021 1.04)
(0.049514 -0.0150245 1.04)
(0.0495793 -0.0150432 1.04)
(0.0496337 -0.0150587 1.04)
(0.0496791 -0.0150717 1.04)
(0.0497169 -0.0150825 1.04)
(0.0289202 -0.00702041 1.04)
(0.0325563 -0.00782199 1.04)
(0.03559 -0.00849078 1.04)
(0.0381201 -0.00904855 1.04)
(0.0402296 -0.00951359 1.04)
(0.0419882 -0.00990128 1.04)
(0.0434541 -0.0102244 1.04)
(0.0446759 -0.0104938 1.04)
(0.0456943 -0.0107183 1.04)
(0.0465431 -0.0109054 1.04)
(0.0472504 -0.0110614 1.04)
(0.04784 -0.0111913 1.04)
(0.0483313 -0.0112996 1.04)
(0.0487407 -0.0113899 1.04)
(0.0490819 -0.0114651 1.04)
(0.0493663 -0.0115278 1.04)
(0.0496032 -0.0115801 1.04)
(0.0498007 -0.0116236 1.04)
(0.0499653 -0.0116599 1.04)
(0.0501024 -0.0116901 1.04)
(0.0502167 -0.0117153 1.04)
(0.050312 -0.0117363 1.04)
(0.0503913 -0.0117538 1.04)
(0.0504575 -0.0117684 1.04)
(0.0505126 -0.0117805 1.04)
(0.0505585 -0.0117906 1.04)
(0.0505968 -0.0117991 1.04)
(0.0294257 -0.0050469 1.04)
(0.0330882 -0.00562022 1.04)
(0.036144 -0.00609857 1.04)
(0.0386925 -0.0064975 1.04)
(0.0408174 -0.00683012 1.04)
(0.0425888 -0.00710741 1.04)
(0.0440654 -0.00733855 1.04)
(0.0452962 -0.00753121 1.04)
(0.046322 -0.00769178 1.04)
(0.0471769 -0.00782561 1.04)
(0.0478895 -0.00793715 1.04)
(0.0484833 -0.0080301 1.04)
(0.0489782 -0.00810757 1.04)
(0.0493906 -0.00817213 1.04)
(0.0497343 -0.00822593 1.04)
(0.0500207 -0.00827076 1.04)
(0.0502594 -0.00830813 1.04)
(0.0504583 -0.00833927 1.04)
(0.0506241 -0.00836521 1.04)
(0.0507622 -0.00838684 1.04)
(0.0508774 -0.00840486 1.04)
(0.0509733 -0.00841988 1.04)
(0.0510532 -0.00843239 1.04)
(0.0511199 -0.00844282 1.04)
(0.0511754 -0.00845151 1.04)
(0.0512217 -0.00845875 1.04)
(0.0512602 -0.00846479 1.04)
(0.029799 -0.00304452 1.04)
(0.0334734 -0.00338827 1.04)
(0.0365391 -0.00367507 1.04)
(0.0390959 -0.00391426 1.04)
(0.0412276 -0.00411369 1.04)
(0.0430048 -0.00427994 1.04)
(0.0444861 -0.00441853 1.04)
(0.0457209 -0.00453404 1.04)
(0.04675 -0.00463032 1.04)
(0.0476077 -0.00471056 1.04)
(0.0483225 -0.00477743 1.04)
(0.0489183 -0.00483316 1.04)
(0.0494148 -0.00487961 1.04)
(0.0498285 -0.00491832 1.04)
(0.0501733 -0.00495057 1.04)
(0.0504607 -0.00497746 1.04)
(0.0507002 -0.00499986 1.04)
(0.0508997 -0.00501853 1.04)
(0.051066 -0.00503409 1.04)
(0.0512046 -0.00504705 1.04)
(0.0513201 -0.00505785 1.04)
(0.0514164 -0.00506686 1.04)
(0.0514966 -0.00507436 1.04)
(0.0515634 -0.00508061 1.04)
(0.0516191 -0.00508583 1.04)
(0.0516655 -0.00509017 1.04)
(0.0517042 -0.00509379 1.04)
(0.030002 -0.00101813 1.04)
(0.0336797 -0.00113259 1.04)
(0.0367482 -0.00122808 1.04)
(0.0393072 -0.00130772 1.04)
(0.0414409 -0.00137413 1.04)
(0.0432196 -0.00142948 1.04)
(0.0447023 -0.00147563 1.04)
(0.0459381 -0.00151409 1.04)
(0.0469681 -0.00154615 1.04)
(0.0478266 -0.00157286 1.04)
(0.0485421 -0.00159513 1.04)
(0.0491383 -0.00161369 1.04)
(0.0496353 -0.00162915 1.04)
(0.0500494 -0.00164204 1.04)
(0.0503945 -0.00165278 1.04)
(0.0506821 -0.00166173 1.04)
(0.0509218 -0.00166919 1.04)
(0.0511215 -0.00167541 1.04)
(0.051288 -0.00168059 1.04)
(0.0514267 -0.00168491 1.04)
(0.0515423 -0.0016885 1.04)
(0.0516386 -0.0016915 1.04)
(0.0517189 -0.001694 1.04)
(0.0517858 -0.00169608 1.04)
(0.0518415 -0.00169782 1.04)
(0.051888 -0.00169926 1.04)
(0.0519267 -0.00170047 1.04)
(0.030002 0.00101813 1.04)
(0.0336797 0.00113259 1.04)
(0.0367482 0.00122808 1.04)
(0.0393072 0.00130772 1.04)
(0.0414409 0.00137413 1.04)
(0.0432196 0.00142948 1.04)
(0.0447023 0.00147563 1.04)
(0.0459381 0.00151409 1.04)
(0.0469681 0.00154615 1.04)
(0.0478266 0.00157286 1.04)
(0.0485421 0.00159513 1.04)
(0.0491383 0.00161369 1.04)
(0.0496353 0.00162915 1.04)
(0.0500494 0.00164204 1.04)
(0.0503945 0.00165278 1.04)
(0.0506821 0.00166173 1.04)
(0.0509218 0.00166919 1.04)
(0.0511215 0.00167541 1.04)
(0.051288 0.00168059 1.04)
(0.0514267 0.00168491 1.04)
(0.0515423 0.0016885 1.04)
(0.0516386 0.0016915 1.04)
(0.0517189 0.001694 1.04)
(0.0517858 0.00169608 1.04)
(0.0518415 0.00169782 1.04)
(0.051888 0.00169926 1.04)
(0.0519267 0.00170047 1.04)
(0.029799 0.00304452 1.04)
(0.0334734 0.00338827 1.04)
(0.0365391 0.00367507 1.04)
(0.0390959 0.00391426 1.04)
(0.0412276 0.00411369 1.04)
(0.0430048 0.00427994 1.04)
(0.0444861 0.00441853 1.04)
(0.0457209 0.00453404 1.04)
(0.04675 0.00463032 1.04)
(0.0476077 0.00471056 1.04)
(0.0483225 0.00477743 1.04)
(0.0489183 0.00483316 1.04)
(0.0494148 0.00487961 1.04)
(0.0498285 0.00491832 1.04)
(0.0501733 0.00495057 1.04)
(0.0504607 0.00497746 1.04)
(0.0507002 0.00499986 1.04)
(0.0508997 0.00501853 1.04)
(0.051066 0.00503409 1.04)
(0.0512046 0.00504705 1.04)
(0.0513201 0.00505785 1.04)
(0.0514164 0.00506686 1.04)
(0.0514966 0.00507436 1.04)
(0.0515634 0.00508061 1.04)
(0.0516191 0.00508583 1.04)
(0.0516655 0.00509017 1.04)
(0.0517042 0.00509379 1.04)
(0.0294257 0.0050469 1.04)
(0.0330882 0.00562022 1.04)
(0.036144 0.00609857 1.04)
(0.0386925 0.0064975 1.04)
(0.0408174 0.00683012 1.04)
(0.0425888 0.00710741 1.04)
(0.0440654 0.00733855 1.04)
(0.0452962 0.00753121 1.04)
(0.046322 0.00769178 1.04)
(0.0471769 0.00782561 1.04)
(0.0478895 0.00793715 1.04)
(0.0484833 0.0080301 1.04)
(0.0489782 0.00810757 1.04)
(0.0493906 0.00817213 1.04)
(0.0497343 0.00822593 1.04)
(0.0500207 0.00827076 1.04)
(0.0502594 0.00830813 1.04)
(0.0504583 0.00833927 1.04)
(0.0506241 0.00836521 1.04)
(0.0507622 0.00838684 1.04)
(0.0508774 0.00840486 1.04)
(0.0509733 0.00841988 1.04)
(0.0510532 0.00843239 1.04)
(0.0511199 0.00844282 1.04)
(0.0511754 0.00845151 1.04)
(0.0512217 0.00845875 1.04)
(0.0512602 0.00846479 1.04)
(0.0289202 0.00702041 1.04)
(0.0325563 0.00782199 1.04)
(0.03559 0.00849078 1.04)
(0.0381201 0.00904855 1.04)
(0.0402296 0.00951359 1.04)
(0.0419882 0.00990128 1.04)
(0.0434541 0.0102244 1.04)
(0.0446759 0.0104938 1.04)
(0.0456943 0.0107183 1.04)
(0.0465431 0.0109054 1.04)
(0.0472504 0.0110614 1.04)
(0.04784 0.0111913 1.04)
(0.0483313 0.0112996 1.04)
(0.0487407 0.0113899 1.04)
(0.0490819 0.0114651 1.04)
(0.0493663 0.0115278 1.04)
(0.0496032 0.0115801 1.04)
(0.0498007 0.0116236 1.04)
(0.0499653 0.0116599 1.04)
(0.0501024 0.0116901 1.04)
(0.0502167 0.0117153 1.04)
(0.050312 0.0117363 1.04)
(0.0503913 0.0117538 1.04)
(0.0504575 0.0117684 1.04)
(0.0505126 0.0117805 1.04)
(0.0505585 0.0117906 1.04)
(0.0505968 0.0117991 1.04)
(0.0283171 0.00896665 1.04)
(0.0319068 0.00999254 1.04)
(0.0349018 0.0108485 1.04)
(0.0373995 0.0115623 1.04)
(0.0394821 0.0121575 1.04)
(0.0412182 0.0126537 1.04)
(0.0426654 0.0130672 1.04)
(0.0438717 0.013412 1.04)
(0.044877 0.0136993 1.04)
(0.0457149 0.0139388 1.04)
(0.0464133 0.0141383 1.04)
(0.0469953 0.0143047 1.04)
(0.0474803 0.0144433 1.04)
(0.0478845 0.0145588 1.04)
(0.0482214 0.0146551 1.04)
(0.0485021 0.0147353 1.04)
(0.048736 0.0148022 1.04)
(0.048931 0.0148579 1.04)
(0.0490934 0.0149043 1.04)
(0.0492288 0.014943 1.04)
(0.0493417 0.0149752 1.04)
(0.0494357 0.0150021 1.04)
(0.049514 0.0150245 1.04)
(0.0495793 0.0150432 1.04)
(0.0496337 0.0150587 1.04)
(0.0496791 0.0150717 1.04)
(0.0497169 0.0150825 1.04)
(0.0276466 0.0108909 1.04)
(0.0311655 0.0121339 1.04)
(0.0341014 0.013171 1.04)
(0.0365499 0.0140359 1.04)
(0.0385914 0.014757 1.04)
(0.0402933 0.0153582 1.04)
(0.0417119 0.0158593 1.04)
(0.0428944 0.016277 1.04)
(0.0438799 0.0166251 1.04)
(0.0447013 0.0169152 1.04)
(0.0453859 0.017157 1.04)
(0.0459564 0.0173586 1.04)
(0.0464318 0.0175265 1.04)
(0.0468281 0.0176665 1.04)
(0.0471583 0.0177831 1.04)
(0.0474335 0.0178803 1.04)
(0.0476628 0.0179613 1.04)
(0.0478539 0.0180289 1.04)
(0.0480132 0.0180851 1.04)
(0.0481459 0.018132 1.04)
(0.0482565 0.0181711 1.04)
(0.0483487 0.0182036 1.04)
(0.0484255 0.0182307 1.04)
(0.0484895 0.0182534 1.04)
(0.0485428 0.0182722 1.04)
(0.0485873 0.0182879 1.04)
(0.0486243 0.018301 1.04)
(0.0269357 0.0128001 1.04)
(0.0303557 0.0142495 1.04)
(0.0332091 0.0154588 1.04)
(0.0355888 0.0164674 1.04)
(0.0375729 0.0173083 1.04)
(0.039227 0.0180093 1.04)
(0.0406057 0.0185936 1.04)
(0.041755 0.0190807 1.04)
(0.0427128 0.0194866 1.04)
(0.0435111 0.019825 1.04)
(0.0441764 0.020107 1.04)
(0.0447309 0.020342 1.04)
(0.045193 0.0205378 1.04)
(0.0455781 0.020701 1.04)
(0.045899 0.020837 1.04)
(0.0461665 0.0209504 1.04)
(0.0463894 0.0210448 1.04)
(0.0465751 0.0211235 1.04)
(0.0467299 0.0211891 1.04)
(0.0468589 0.0212438 1.04)
(0.0469664 0.0212894 1.04)
(0.047056 0.0213273 1.04)
(0.0471306 0.021359 1.04)
(0.0471928 0.0213853 1.04)
(0.0472447 0.0214073 1.04)
(0.0472879 0.0214256 1.04)
(0.0473239 0.0214409 1.04)
(0.0262098 0.014702 1.04)
(0.0294994 0.0163436 1.04)
(0.032244 0.0177133 1.04)
(0.034533 0.0188556 1.04)
(0.0364416 0.019808 1.04)
(0.0380326 0.020602 1.04)
(0.0393589 0.0212639 1.04)
(0.0404644 0.0218155 1.04)
(0.0413857 0.0222753 1.04)
(0.0421536 0.0226585 1.04)
(0.0427936 0.0229779 1.04)
(0.043327 0.0232441 1.04)
(0.0437715 0.0234659 1.04)
(0.0441419 0.0236507 1.04)
(0.0444506 0.0238048 1.04)
(0.0447079 0.0239332 1.04)
(0.0449223 0.0240402 1.04)
(0.0451009 0.0241293 1.04)
(0.0452498 0.0242036 1.04)
(0.0453739 0.0242656 1.04)
(0.0454773 0.0243172 1.04)
(0.0455635 0.0243602 1.04)
(0.0456353 0.024396 1.04)
(0.0456951 0.0244259 1.04)
(0.045745 0.0244507 1.04)
(0.0457865 0.0244715 1.04)
(0.0458212 0.0244888 1.04)
(0.0254942 0.0166041 1.04)
(0.0286187 0.0184201 1.04)
(0.0312257 0.0199354 1.04)
(0.0334 0.0211992 1.04)
(0.0352129 0.0222529 1.04)
(0.0367243 0.0231314 1.04)
(0.0379841 0.0238636 1.04)
(0.0390342 0.024474 1.04)
(0.0399094 0.0249827 1.04)
(0.0406389 0.0254066 1.04)
(0.0412468 0.02576 1.04)
(0.0417534 0.0260545 1.04)
(0.0421757 0.0262999 1.04)
(0.0425276 0.0265044 1.04)
(0.0428208 0.0266749 1.04)
(0.0430652 0.0268169 1.04)
(0.0432689 0.0269353 1.04)
(0.0434386 0.0270339 1.04)
(0.04358 0.0271161 1.04)
(0.0436979 0.0271846 1.04)
(0.0437961 0.0272417 1.04)
(0.0438779 0.0272893 1.04)
(0.0439462 0.027329 1.04)
(0.044003 0.027362 1.04)
(0.0440504 0.0273895 1.04)
(0.0440898 0.0274125 1.04)
(0.0441227 0.0274316 1.04)
(0.0248158 0.0185132 1.04)
(0.0277372 0.0204826 1.04)
(0.0301749 0.022126 1.04)
(0.0322082 0.0234967 1.04)
(0.0339035 0.0246396 1.04)
(0.0353169 0.0255924 1.04)
(0.0364951 0.0263867 1.04)
(0.0374771 0.0270487 1.04)
(0.0382956 0.0276005 1.04)
(0.0389778 0.0280604 1.04)
(0.0395464 0.0284436 1.04)
(0.0400202 0.0287631 1.04)
(0.0404151 0.0290293 1.04)
(0.0407442 0.0292511 1.04)
(0.0410184 0.029436 1.04)
(0.041247 0.0295901 1.04)
(0.0414374 0.0297185 1.04)
(0.0415961 0.0298255 1.04)
(0.0417284 0.0299146 1.04)
(0.0418386 0.0299889 1.04)
(0.0419305 0.0300509 1.04)
(0.0420071 0.0301025 1.04)
(0.0420708 0.0301455 1.04)
(0.042124 0.0301813 1.04)
(0.0421683 0.0302112 1.04)
(0.0422052 0.0302361 1.04)
(0.042236 0.0302568 1.04)
(0.0241942 0.0204323 1.04)
(0.0268724 0.0225314 1.04)
(0.0291077 0.0242833 1.04)
(0.0309722 0.0257446 1.04)
(0.032527 0.0269632 1.04)
(0.0338232 0.0279791 1.04)
(0.0349037 0.0288259 1.04)
(0.0358044 0.0295318 1.04)
(0.036555 0.0301201 1.04)
(0.0371807 0.0306105 1.04)
(0.0377021 0.0310192 1.04)
(0.0381367 0.0313598 1.04)
(0.0384989 0.0316436 1.04)
(0.0388007 0.0318802 1.04)
(0.0390522 0.0320773 1.04)
(0.0392618 0.0322416 1.04)
(0.0394365 0.0323785 1.04)
(0.0395821 0.0324926 1.04)
(0.0397034 0.0325877 1.04)
(0.0398045 0.0326669 1.04)
(0.0398888 0.0327329 1.04)
(0.039959 0.032788 1.04)
(0.0400175 0.0328338 1.04)
(0.0400662 0.032872 1.04)
(0.0401069 0.0329039 1.04)
(0.0401407 0.0329304 1.04)
(0.0401689 0.0329525 1.04)
(0.0236177 0.0223553 1.04)
(0.0260164 0.0245596 1.04)
(0.0280189 0.0263997 1.04)
(0.0296894 0.0279348 1.04)
(0.0310824 0.029215 1.04)
(0.0322439 0.0302823 1.04)
(0.0332121 0.031172 1.04)
(0.0340191 0.0319136 1.04)
(0.0346917 0.0325318 1.04)
(0.0352524 0.0330469 1.04)
(0.0357196 0.0334763 1.04)
(0.036109 0.0338342 1.04)
(0.0364336 0.0341324 1.04)
(0.036704 0.0343809 1.04)
(0.0369294 0.0345881 1.04)
(0.0371172 0.0347607 1.04)
(0.0372738 0.0349045 1.04)
(0.0374042 0.0350244 1.04)
(0.0375129 0.0351243 1.04)
(0.0376035 0.0352075 1.04)
(0.037679 0.0352769 1.04)
(0.0377419 0.0353347 1.04)
(0.0377944 0.0353829 1.04)
(0.0378381 0.0354231 1.04)
(0.0378745 0.0354565 1.04)
(0.0379048 0.0354844 1.04)
(0.0379301 0.0355076 1.04)
(-0.0213166 -0.0213166 1.04)
(-0.0217233 -0.0194362 1.04)
(-0.0221928 -0.0175722 1.04)
(-0.0227372 -0.0157306 1.04)
(-0.0233365 -0.0139078 1.04)
(-0.0239634 -0.0120953 1.04)
(-0.0245921 -0.0102838 1.04)
(-0.0251968 -0.00846358 1.04)
(-0.0257497 -0.00662588 1.04)
(-0.0262196 -0.00476375 1.04)
(-0.0265706 -0.0028742 1.04)
(-0.0267632 -0.000961249 1.04)
(-0.0267632 0.000961249 1.04)
(-0.0265706 0.0028742 1.04)
(-0.0262196 0.00476375 1.04)
(-0.0257497 0.00662588 1.04)
(-0.0251968 0.00846358 1.04)
(-0.0245921 0.0102838 1.04)
(-0.0239634 0.0120953 1.04)
(-0.0233365 0.0139078 1.04)
(-0.0227372 0.0157306 1.04)
(-0.0221928 0.0175722 1.04)
(-0.0217233 0.0194362 1.04)
(-0.0213166 0.0213166 1.04)
(-0.0194362 -0.0217233 1.04)
(-0.0198075 -0.0198075 1.04)
(-0.0202362 -0.017908 1.04)
(-0.0207332 -0.0160311 1.04)
(-0.0212803 -0.0141729 1.04)
(-0.0218527 -0.0123251 1.04)
(-0.0224268 -0.0104782 1.04)
(-0.0229789 -0.0086226 1.04)
(-0.0234838 -0.00674955 1.04)
(-0.0239128 -0.00485207 1.04)
(-0.0242333 -0.00292718 1.04)
(-0.0244092 -0.000978907 1.04)
(-0.0244092 0.000978907 1.04)
(-0.0242333 0.00292718 1.04)
(-0.0239128 0.00485207 1.04)
(-0.0234838 0.00674955 1.04)
(-0.0229789 0.0086226 1.04)
(-0.0224268 0.0104782 1.04)
(-0.0218527 0.0123251 1.04)
(-0.0212803 0.0141729 1.04)
(-0.0207332 0.0160311 1.04)
(-0.0202362 0.017908 1.04)
(-0.0198075 0.0198075 1.04)
(-0.0194362 0.0217233 1.04)
(-0.0175722 -0.0221928 1.04)
(-0.017908 -0.0202362 1.04)
(-0.0182959 -0.0182959 1.04)
(-0.0187455 -0.0163781 1.04)
(-0.0192405 -0.014479 1.04)
(-0.0197584 -0.0125903 1.04)
(-0.0202778 -0.0107026 1.04)
(-0.0207774 -0.00880617 1.04)
(-0.0212342 -0.0068923 1.04)
(-0.0216223 -0.00495401 1.04)
(-0.0219124 -0.00298833 1.04)
(-0.0220715 -0.000999288 1.04)
(-0.0220715 0.000999288 1.04)
(-0.0219124 0.00298833 1.04)
(-0.0216223 0.00495401 1.04)
(-0.0212342 0.0068923 1.04)
(-0.0207774 0.00880617 1.04)
(-0.0202778 0.0107026 1.04)
(-0.0197584 0.0125903 1.04)
(-0.0192405 0.014479 1.04)
(-0.0187455 0.0163781 1.04)
(-0.0182959 0.0182959 1.04)
(-0.017908 0.0202362 1.04)
(-0.0175722 0.0221928 1.04)
(-0.0157306 -0.0227372 1.04)
(-0.0160311 -0.0207332 1.04)
(-0.0163781 -0.0187455 1.04)
(-0.0167804 -0.0167804 1.04)
(-0.0172233 -0.014834 1.04)
(-0.0176866 -0.0128979 1.04)
(-0.0181514 -0.0109628 1.04)
(-0.0185983 -0.00901906 1.04)
(-0.0190071 -0.00705785 1.04)
(-0.0193544 -0.00507225 1.04)
(-0.0196139 -0.00305926 1.04)
(-0.0197563 -0.00102293 1.04)
(-0.0197563 0.00102293 1.04)
(-0.0196139 0.00305926 1.04)
(-0.0193544 0.00507225 1.04)
(-0.0190071 0.00705785 1.04)
(-0.0185983 0.00901906 1.04)
(-0.0181514 0.0109628 1.04)
(-0.0176866 0.0128979 1.04)
(-0.0172233 0.014834 1.04)
(-0.0167804 0.0167804 1.04)
(-0.0163781 0.0187455 1.04)
(-0.0160311 0.0207332 1.04)
(-0.0157306 0.0227372 1.04)
(-0.0139078 -0.0233365 1.04)
(-0.0141729 -0.0212803 1.04)
(-0.014479 -0.0192405 1.04)
(-0.014834 -0.0172233 1.04)
(-0.0152247 -0.0152247 1.04)
(-0.0156336 -0.0132366 1.04)
(-0.0160436 -0.0112493 1.04)
(-0.0164381 -0.00925346 1.04)
(-0.0167987 -0.00724014 1.04)
(-0.0171052 -0.00520244 1.04)
(-0.0173342 -0.00313736 1.04)
(-0.0174599 -0.00104896 1.04)
(-0.0174599 0.00104896 1.04)
(-0.0173342 0.00313736 1.04)
(-0.0171052 0.00520244 1.04)
(-0.0167987 0.00724014 1.04)
(-0.0164381 0.00925346 1.04)
(-0.0160436 0.0112493 1.04)
(-0.0156336 0.0132366 1.04)
(-0.0152247 0.0152247 1.04)
(-0.014834 0.0172233 1.04)
(-0.014479 0.0192405 1.04)
(-0.0141729 0.0212803 1.04)
(-0.0139078 0.0233365 1.04)
(-0.0120953 -0.0239634 1.04)
(-0.0123251 -0.0218527 1.04)
(-0.0125903 -0.0197584 1.04)
(-0.0128979 -0.0176866 1.04)
(-0.0132366 -0.0156336 1.04)
(-0.0135909 -0.0135909 1.04)
(-0.0139463 -0.0115491 1.04)
(-0.0142881 -0.00949871 1.04)
(-0.0146007 -0.00743088 1.04)
(-0.0148663 -0.00533867 1.04)
(-0.0150648 -0.00321909 1.04)
(-0.0151737 -0.0010762 1.04)
(-0.0151737 0.0010762 1.04)
(-0.0150648 0.00321909 1.04)
(-0.0148663 0.00533867 1.04)
(-0.0146007 0.00743088 1.04)
(-0.0142881 0.00949871 1.04)
(-0.0139463 0.0115491 1.04)
(-0.0135909 0.0135909 1.04)
(-0.0132366 0.0156336 1.04)
(-0.0128979 0.0176866 1.04)
(-0.0125903 0.0197584 1.04)
(-0.0123251 0.0218527 1.04)
(-0.0120953 0.0239634 1.04)
(-0.0102838 -0.0245921 1.04)
(-0.0104782 -0.0224268 1.04)
(-0.0107026 -0.0202778 1.04)
(-0.0109628 -0.0181514 1.04)
(-0.0112493 -0.0160436 1.04)
(-0.0115491 -0.0139463 1.04)
(-0.0118498 -0.0118498 1.04)
(-0.012139 -0.00974474 1.04)
(-0.0124035 -0.00762223 1.04)
(-0.0126283 -0.00547534 1.04)
(-0.0127963 -0.00330109 1.04)
(-0.0128884 -0.00110353 1.04)
(-0.0128884 0.00110353 1.04)
(-0.0127963 0.00330109 1.04)
(-0.0126283 0.00547534 1.04)
(-0.0124035 0.00762223 1.04)
(-0.012139 0.00974474 1.04)
(-0.0118498 0.0118498 1.04)
(-0.0115491 0.0139463 1.04)
(-0.0112493 0.0160436 1.04)
(-0.0109628 0.0181514 1.04)
(-0.0107026 0.0202778 1.04)
(-0.0104782 0.0224268 1.04)
(-0.0102838 0.0245921 1.04)
(-0.00846358 -0.0251968 1.04)
(-0.0086226 -0.0229789 1.04)
(-0.00880617 -0.0207774 1.04)
(-0.00901906 -0.0185983 1.04)
(-0.00925346 -0.0164381 1.04)
(-0.00949871 -0.0142881 1.04)
(-0.00974474 -0.012139 1.04)
(-0.0099814 -0.0099814 1.04)
(-0.0101978 -0.00780629 1.04)
(-0.0103817 -0.0056068 1.04)
(-0.0105191 -0.00337996 1.04)
(-0.0105946 -0.00112982 1.04)
(-0.0105946 0.00112982 1.04)
(-0.0105191 0.00337996 1.04)
(-0.0103817 0.0056068 1.04)
(-0.0101978 0.00780629 1.04)
(-0.0099814 0.0099814 1.04)
(-0.00974474 0.012139 1.04)
(-0.00949871 0.0142881 1.04)
(-0.00925346 0.0164381 1.04)
(-0.00901906 0.0185983 1.04)
(-0.00880617 0.0207774 1.04)
(-0.0086226 0.0229789 1.04)
(-0.00846358 0.0251968 1.04)
(-0.00662588 -0.0257497 1.04)
(-0.00674955 -0.0234838 1.04)
(-0.0068923 -0.0212342 1.04)
(-0.00705785 -0.0190071 1.04)
(-0.00724014 -0.0167987 1.04)
(-0.00743088 -0.0146007 1.04)
(-0.00762223 -0.0124035 1.04)
(-0.00780629 -0.0101978 1.04)
(-0.0079746 -0.0079746 1.04)
(-0.00811765 -0.00572702 1.04)
(-0.00822455 -0.00345209 1.04)
(-0.00828321 -0.00115386 1.04)
(-0.00828321 0.00115386 1.04)
(-0.00822455 0.00345209 1.04)
(-0.00811765 0.00572702 1.04)
(-0.0079746 0.0079746 1.04)
(-0.00780629 0.0101978 1.04)
(-0.00762223 0.0124035 1.04)
(-0.00743088 0.0146007 1.04)
(-0.00724014 0.0167987 1.04)
(-0.00705785 0.0190071 1.04)
(-0.0068923 0.0212342 1.04)
(-0.00674955 0.0234838 1.04)
(-0.00662588 0.0257497 1.04)
(-0.00476375 -0.0262196 1.04)
(-0.00485207 -0.0239128 1.04)
(-0.00495401 -0.0216223 1.04)
(-0.00507225 -0.0193544 1.04)
(-0.00520244 -0.0171052 1.04)
(-0.00533867 -0.0148663 1.04)
(-0.00547534 -0.0126283 1.04)
(-0.0056068 -0.0103817 1.04)
(-0.00572702 -0.00811765 1.04)
(-0.0058292 -0.0058292 1.04)
(-0.00590556 -0.0035134 1.04)
(-0.00594746 -0.0011743 1.04)
(-0.00594746 0.0011743 1.04)
(-0.00590556 0.0035134 1.04)
(-0.0058292 0.0058292 1.04)
(-0.00572702 0.00811765 1.04)
(-0.0056068 0.0103817 1.04)
(-0.00547534 0.0126283 1.04)
(-0.00533867 0.0148663 1.04)
(-0.00520244 0.0171052 1.04)
(-0.00507225 0.0193544 1.04)
(-0.00495401 0.0216223 1.04)
(-0.00485207 0.0239128 1.04)
(-0.00476375 0.0262196 1.04)
(-0.0028742 -0.0265706 1.04)
(-0.00292718 -0.0242333 1.04)
(-0.00298833 -0.0219124 1.04)
(-0.00305926 -0.0196139 1.04)
(-0.00313736 -0.0173342 1.04)
(-0.00321909 -0.0150648 1.04)
(-0.00330109 -0.0127963 1.04)
(-0.00337996 -0.0105191 1.04)
(-0.00345209 -0.00822455 1.04)
(-0.0035134 -0.00590556 1.04)
(-0.00355922 -0.00355922 1.04)
(-0.00358436 -0.00118957 1.04)
(-0.00358436 0.00118957 1.04)
(-0.00355922 0.00355922 1.04)
(-0.0035134 0.00590556 1.04)
(-0.00345209 0.00822455 1.04)
(-0.00337996 0.0105191 1.04)
(-0.00330109 0.0127963 1.04)
(-0.00321909 0.0150648 1.04)
(-0.00313736 0.0173342 1.04)
(-0.00305926 0.0196139 1.04)
(-0.00298833 0.0219124 1.04)
(-0.00292718 0.0242333 1.04)
(-0.0028742 0.0265706 1.04)
(-0.000961249 -0.0267632 1.04)
(-0.000978907 -0.0244092 1.04)
(-0.000999288 -0.0220715 1.04)
(-0.00102293 -0.0197563 1.04)
(-0.00104896 -0.0174599 1.04)
(-0.0010762 -0.0151737 1.04)
(-0.00110353 -0.0128884 1.04)
(-0.00112982 -0.0105946 1.04)
(-0.00115386 -0.00828321 1.04)
(-0.0011743 -0.00594746 1.04)
(-0.00118957 -0.00358436 1.04)
(-0.00119795 -0.00119795 1.04)
(-0.00119795 0.00119795 1.04)
(-0.00118957 0.00358436 1.04)
(-0.0011743 0.00594746 1.04)
(-0.00115386 0.00828321 1.04)
(-0.00112982 0.0105946 1.04)
(-0.00110353 0.0128884 1.04)
(-0.0010762 0.0151737 1.04)
(-0.00104896 0.0174599 1.04)
(-0.00102293 0.0197563 1.04)
(-0.000999288 0.0220715 1.04)
(-0.000978907 0.0244092 1.04)
(-0.000961249 0.0267632 1.04)
(0.000961249 -0.0267632 1.04)
(0.000978907 -0.0244092 1.04)
(0.000999288 -0.0220715 1.04)
(0.00102293 -0.0197563 1.04)
(0.00104896 -0.0174599 1.04)
(0.0010762 -0.0151737 1.04)
(0.00110353 -0.0128884 1.04)
(0.00112982 -0.0105946 1.04)
(0.00115386 -0.00828321 1.04)
(0.0011743 -0.00594746 1.04)
(0.00118957 -0.00358436 1.04)
(0.00119795 -0.00119795 1.04)
(0.00119795 0.00119795 1.04)
(0.00118957 0.00358436 1.04)
(0.0011743 0.00594746 1.04)
(0.00115386 0.00828321 1.04)
(0.00112982 0.0105946 1.04)
(0.00110353 0.0128884 1.04)
(0.0010762 0.0151737 1.04)
(0.00104896 0.0174599 1.04)
(0.00102293 0.0197563 1.04)
(0.000999288 0.0220715 1.04)
(0.000978907 0.0244092 1.04)
(0.000961249 0.0267632 1.04)
(0.0028742 -0.0265706 1.04)
(0.00292718 -0.0242333 1.04)
(0.00298833 -0.0219124 1.04)
(0.00305926 -0.0196139 1.04)
(0.00313736 -0.0173342 1.04)
(0.00321909 -0.0150648 1.04)
(0.00330109 -0.0127963 1.04)
(0.00337996 -0.0105191 1.04)
(0.00345209 -0.00822455 1.04)
(0.0035134 -0.00590556 1.04)
(0.00355922 -0.00355922 1.04)
(0.00358436 -0.00118957 1.04)
(0.00358436 0.00118957 1.04)
(0.00355922 0.00355922 1.04)
(0.0035134 0.00590556 1.04)
(0.00345209 0.00822455 1.04)
(0.00337996 0.0105191 1.04)
(0.00330109 0.0127963 1.04)
(0.00321909 0.0150648 1.04)
(0.00313736 0.0173342 1.04)
(0.00305926 0.0196139 1.04)
(0.00298833 0.0219124 1.04)
(0.00292718 0.0242333 1.04)
(0.0028742 0.0265706 1.04)
(0.00476375 -0.0262196 1.04)
(0.00485207 -0.0239128 1.04)
(0.00495401 -0.0216223 1.04)
(0.00507225 -0.0193544 1.04)
(0.00520244 -0.0171052 1.04)
(0.00533867 -0.0148663 1.04)
(0.00547534 -0.0126283 1.04)
(0.0056068 -0.0103817 1.04)
(0.00572702 -0.00811765 1.04)
(0.0058292 -0.0058292 1.04)
(0.00590556 -0.0035134 1.04)
(0.00594746 -0.0011743 1.04)
(0.00594746 0.0011743 1.04)
(0.00590556 0.0035134 1.04)
(0.0058292 0.0058292 1.04)
(0.00572702 0.00811765 1.04)
(0.0056068 0.0103817 1.04)
(0.00547534 0.0126283 1.04)
(0.00533867 0.0148663 1.04)
(0.00520244 0.0171052 1.04)
(0.00507225 0.0193544 1.04)
(0.00495401 0.0216223 1.04)
(0.00485207 0.0239128 1.04)
(0.00476375 0.0262196 1.04)
(0.00662588 -0.0257497 1.04)
(0.00674955 -0.0234838 1.04)
(0.0068923 -0.0212342 1.04)
(0.00705785 -0.0190071 1.04)
(0.00724014 -0.0167987 1.04)
(0.00743088 -0.0146007 1.04)
(0.00762223 -0.0124035 1.04)
(0.00780629 -0.0101978 1.04)
(0.0079746 -0.0079746 1.04)
(0.00811765 -0.00572702 1.04)
(0.00822455 -0.00345209 1.04)
(0.00828321 -0.00115386 1.04)
(0.00828321 0.00115386 1.04)
(0.00822455 0.00345209 1.04)
(0.00811765 0.00572702 1.04)
(0.0079746 0.0079746 1.04)
(0.00780629 0.0101978 1.04)
(0.00762223 0.0124035 1.04)
(0.00743088 0.0146007 1.04)
(0.00724014 0.0167987 1.04)
(0.00705785 0.0190071 1.04)
(0.0068923 0.0212342 1.04)
(0.00674955 0.0234838 1.04)
(0.00662588 0.0257497 1.04)
(0.00846358 -0.0251968 1.04)
(0.0086226 -0.0229789 1.04)
(0.00880617 -0.0207774 1.04)
(0.00901906 -0.0185983 1.04)
(0.00925346 -0.0164381 1.04)
(0.00949871 -0.0142881 1.04)
(0.00974474 -0.012139 1.04)
(0.0099814 -0.0099814 1.04)
(0.0101978 -0.00780629 1.04)
(0.0103817 -0.0056068 1.04)
(0.0105191 -0.00337996 1.04)
(0.0105946 -0.00112982 1.04)
(0.0105946 0.00112982 1.04)
(0.0105191 0.00337996 1.04)
(0.0103817 0.0056068 1.04)
(0.0101978 0.00780629 1.04)
(0.0099814 0.0099814 1.04)
(0.00974474 0.012139 1.04)
(0.00949871 0.0142881 1.04)
(0.00925346 0.0164381 1.04)
(0.00901906 0.0185983 1.04)
(0.00880617 0.0207774 1.04)
(0.0086226 0.0229789 1.04)
(0.00846358 0.0251968 1.04)
(0.0102838 -0.0245921 1.04)
(0.0104782 -0.0224268 1.04)
(0.0107026 -0.0202778 1.04)
(0.0109628 -0.0181514 1.04)
(0.0112493 -0.0160436 1.04)
(0.0115491 -0.0139463 1.04)
(0.0118498 -0.0118498 1.04)
(0.012139 -0.00974474 1.04)
(0.0124035 -0.00762223 1.04)
(0.0126283 -0.00547534 1.04)
(0.0127963 -0.00330109 1.04)
(0.0128884 -0.00110353 1.04)
(0.0128884 0.00110353 1.04)
(0.0127963 0.00330109 1.04)
(0.0126283 0.00547534 1.04)
(0.0124035 0.00762223 1.04)
(0.012139 0.00974474 1.04)
(0.0118498 0.0118498 1.04)
(0.0115491 0.0139463 1.04)
(0.0112493 0.0160436 1.04)
(0.0109628 0.0181514 1.04)
(0.0107026 0.0202778 1.04)
(0.0104782 0.0224268 1.04)
(0.0102838 0.0245921 1.04)
(0.0120953 -0.0239634 1.04)
(0.0123251 -0.0218527 1.04)
(0.0125903 -0.0197584 1.04)
(0.0128979 -0.0176866 1.04)
(0.0132366 -0.0156336 1.04)
(0.0135909 -0.0135909 1.04)
(0.0139463 -0.0115491 1.04)
(0.0142881 -0.00949871 1.04)
(0.0146007 -0.00743088 1.04)
(0.0148663 -0.00533867 1.04)
(0.0150648 -0.00321909 1.04)
(0.0151737 -0.0010762 1.04)
(0.0151737 0.0010762 1.04)
(0.0150648 0.00321909 1.04)
(0.0148663 0.00533867 1.04)
(0.0146007 0.00743088 1.04)
(0.0142881 0.00949871 1.04)
(0.0139463 0.0115491 1.04)
(0.0135909 0.0135909 1.04)
(0.0132366 0.0156336 1.04)
(0.0128979 0.0176866 1.04)
(0.0125903 0.0197584 1.04)
(0.0123251 0.0218527 1.04)
(0.0120953 0.0239634 1.04)
(0.0139078 -0.0233365 1.04)
(0.0141729 -0.0212803 1.04)
(0.014479 -0.0192405 1.04)
(0.014834 -0.0172233 1.04)
(0.0152247 -0.0152247 1.04)
(0.0156336 -0.0132366 1.04)
(0.0160436 -0.0112493 1.04)
(0.0164381 -0.00925346 1.04)
(0.0167987 -0.00724014 1.04)
(0.0171052 -0.00520244 1.04)
(0.0173342 -0.00313736 1.04)
(0.0174599 -0.00104896 1.04)
(0.0174599 0.00104896 1.04)
(0.0173342 0.00313736 1.04)
(0.0171052 0.00520244 1.04)
(0.0167987 0.00724014 1.04)
(0.0164381 0.00925346 1.04)
(0.0160436 0.0112493 1.04)
(0.0156336 0.0132366 1.04)
(0.0152247 0.0152247 1.04)
(0.014834 0.0172233 1.04)
(0.014479 0.0192405 1.04)
(0.0141729 0.0212803 1.04)
(0.0139078 0.0233365 1.04)
(0.0157306 -0.0227372 1.04)
(0.0160311 -0.0207332 1.04)
(0.0163781 -0.0187455 1.04)
(0.0167804 -0.0167804 1.04)
(0.0172233 -0.014834 1.04)
(0.0176866 -0.0128979 1.04)
(0.0181514 -0.0109628 1.04)
(0.0185983 -0.00901906 1.04)
(0.0190071 -0.00705785 1.04)
(0.0193544 -0.00507225 1.04)
(0.0196139 -0.00305926 1.04)
(0.0197563 -0.00102293 1.04)
(0.0197563 0.00102293 1.04)
(0.0196139 0.00305926 1.04)
(0.0193544 0.00507225 1.04)
(0.0190071 0.00705785 1.04)
(0.0185983 0.00901906 1.04)
(0.0181514 0.0109628 1.04)
(0.0176866 0.0128979 1.04)
(0.0172233 0.014834 1.04)
(0.0167804 0.0167804 1.04)
(0.0163781 0.0187455 1.04)
(0.0160311 0.0207332 1.04)
(0.0157306 0.0227372 1.04)
(0.0175722 -0.0221928 1.04)
(0.017908 -0.0202362 1.04)
(0.0182959 -0.0182959 1.04)
(0.0187455 -0.0163781 1.04)
(0.0192405 -0.014479 1.04)
(0.0197584 -0.0125903 1.04)
(0.0202778 -0.0107026 1.04)
(0.0207774 -0.00880617 1.04)
(0.0212342 -0.0068923 1.04)
(0.0216223 -0.00495401 1.04)
(0.0219124 -0.00298833 1.04)
(0.0220715 -0.000999288 1.04)
(0.0220715 0.000999288 1.04)
(0.0219124 0.00298833 1.04)
(0.0216223 0.00495401 1.04)
(0.0212342 0.0068923 1.04)
(0.0207774 0.00880617 1.04)
(0.0202778 0.0107026 1.04)
(0.0197584 0.0125903 1.04)
(0.0192405 0.014479 1.04)
(0.0187455 0.0163781 1.04)
(0.0182959 0.0182959 1.04)
(0.017908 0.0202362 1.04)
(0.0175722 0.0221928 1.04)
(0.0194362 -0.0217233 1.04)
(0.0198075 -0.0198075 1.04)
(0.0202362 -0.017908 1.04)
(0.0207332 -0.0160311 1.04)
(0.0212803 -0.0141729 1.04)
(0.0218527 -0.0123251 1.04)
(0.0224268 -0.0104782 1.04)
(0.0229789 -0.0086226 1.04)
(0.0234838 -0.00674955 1.04)
(0.0239128 -0.00485207 1.04)
(0.0242333 -0.00292718 1.04)
(0.0244092 -0.000978907 1.04)
(0.0244092 0.000978907 1.04)
(0.0242333 0.00292718 1.04)
(0.0239128 0.00485207 1.04)
(0.0234838 0.00674955 1.04)
(0.0229789 0.0086226 1.04)
(0.0224268 0.0104782 1.04)
(0.0218527 0.0123251 1.04)
(0.0212803 0.0141729 1.04)
(0.0207332 0.0160311 1.04)
(0.0202362 0.017908 1.04)
(0.0198075 0.0198075 1.04)
(0.0194362 0.0217233 1.04)
(0.0213166 -0.0213166 1.04)
(0.0217233 -0.0194362 1.04)
(0.0221928 -0.0175722 1.04)
(0.0227372 -0.0157306 1.04)
(0.0233365 -0.0139078 1.04)
(0.0239634 -0.0120953 1.04)
(0.0245921 -0.0102838 1.04)
(0.0251968 -0.00846358 1.04)
(0.0257497 -0.00662588 1.04)
(0.0262196 -0.00476375 1.04)
(0.0265706 -0.0028742 1.04)
(0.0267632 -0.000961249 1.04)
(0.0267632 0.000961249 1.04)
(0.0265706 0.0028742 1.04)
(0.0262196 0.00476375 1.04)
(0.0257497 0.00662588 1.04)
(0.0251968 0.00846358 1.04)
(0.0245921 0.0102838 1.04)
(0.0239634 0.0120953 1.04)
(0.0233365 0.0139078 1.04)
(0.0227372 0.0157306 1.04)
(0.0221928 0.0175722 1.04)
(0.0217233 0.0194362 1.04)
(0.0213166 0.0213166 1.04)
)
