3168
(
4.25588000e-01
4.17287000e-01
4.10902000e-01
4.06233000e-01
4.03027000e-01
4.01042000e-01
4.00061000e-01
3.99872000e-01
4.00250000e-01
4.00950000e-01
4.01698000e-01
4.02198000e-01
4.02190000e-01
4.01674000e-01
4.00910000e-01
4.00193000e-01
3.99796000e-01
3.99965000e-01
4.00925000e-01
4.02889000e-01
4.06074000e-01
4.10727000e-01
4.17097000e-01
4.25395000e-01
4.55980000e-01
4.48658000e-01
4.42803000e-01
4.38433000e-01
4.35402000e-01
4.33520000e-01
4.32588000e-01
4.32412000e-01
4.32781000e-01
4.33458000e-01
4.34185000e-01
4.34671000e-01
4.34665000e-01
4.34169000e-01
4.33427000e-01
4.32732000e-01
4.32347000e-01
4.32507000e-01
4.33420000e-01
4.35283000e-01
4.38291000e-01
4.42643000e-01
4.48486000e-01
4.55802000e-01
4.84319000e-01
4.77539000e-01
4.72185000e-01
4.68195000e-01
4.65422000e-01
4.63689000e-01
4.62826000e-01
4.62663000e-01
4.63002000e-01
4.63629000e-01
4.64300000e-01
4.64746000e-01
4.64741000e-01
4.64283000e-01
4.63603000e-01
4.62963000e-01
4.62611000e-01
4.62760000e-01
4.63603000e-01
4.65317000e-01
4.68069000e-01
4.72043000e-01
4.77385000e-01
4.84161000e-01
5.09354000e-01
5.03187000e-01
4.98324000e-01
4.94707000e-01
4.92191000e-01
4.90616000e-01
4.89827000e-01
4.89670000e-01
4.89968000e-01
4.90532000e-01
4.91135000e-01
4.91537000e-01
4.91533000e-01
4.91122000e-01
4.90512000e-01
4.89938000e-01
4.89625000e-01
4.89767000e-01
4.90540000e-01
4.92099000e-01
4.94596000e-01
4.98196000e-01
5.03046000e-01
5.09210000e-01
5.30825000e-01
5.25292000e-01
5.20920000e-01
5.17668000e-01
5.15403000e-01
5.13984000e-01
5.13270000e-01
5.13119000e-01
5.13380000e-01
5.13877000e-01
5.14409000e-01
5.14765000e-01
5.14762000e-01
5.14398000e-01
5.13858000e-01
5.13356000e-01
5.13083000e-01
5.13218000e-01
5.13914000e-01
5.15319000e-01
5.17567000e-01
5.20803000e-01
5.25165000e-01
5.30692000e-01
5.48847000e-01
5.43922000e-01
5.40025000e-01
5.37124000e-01
5.35104000e-01
5.33840000e-01
5.33201000e-01
5.33063000e-01
5.33289000e-01
5.33721000e-01
5.34187000e-01
5.34496000e-01
5.34494000e-01
5.34175000e-01
5.33704000e-01
5.33266000e-01
5.33029000e-01
5.33154000e-01
5.33777000e-01
5.35027000e-01
5.37030000e-01
5.39919000e-01
5.43804000e-01
5.48723000e-01
5.63658000e-01
5.59296000e-01
5.55851000e-01
5.53288000e-01
5.51508000e-01
5.50395000e-01
5.49833000e-01
5.49707000e-01
5.49902000e-01
5.50276000e-01
5.50678000e-01
5.50946000e-01
5.50942000e-01
5.50667000e-01
5.50260000e-01
5.49878000e-01
5.49675000e-01
5.49787000e-01
5.50334000e-01
5.51436000e-01
5.53202000e-01
5.55752000e-01
5.59186000e-01
5.63543000e-01
5.75508000e-01
5.71666000e-01
5.68651000e-01
5.66416000e-01
5.64869000e-01
5.63904000e-01
5.63416000e-01
5.63305000e-01
5.63469000e-01
5.63788000e-01
5.64131000e-01
5.64361000e-01
5.64357000e-01
5.64120000e-01
5.63772000e-01
5.63446000e-01
5.63272000e-01
5.63370000e-01
5.63845000e-01
5.64800000e-01
5.66334000e-01
5.68558000e-01
5.71561000e-01
5.75400000e-01
5.84601000e-01
5.81250000e-01
5.78651000e-01
5.76737000e-01
5.75417000e-01
5.74596000e-01
5.74182000e-01
5.74084000e-01
5.74220000e-01
5.74487000e-01
5.74775000e-01
5.74967000e-01
5.74963000e-01
5.74763000e-01
5.74472000e-01
5.74198000e-01
5.74052000e-01
5.74136000e-01
5.74540000e-01
5.75351000e-01
5.76659000e-01
5.78563000e-01
5.81151000e-01
5.84500000e-01
5.91074000e-01
5.88203000e-01
5.86020000e-01
5.84423000e-01
5.83329000e-01
5.82650000e-01
5.82305000e-01
5.82221000e-01
5.82329000e-01
5.82544000e-01
5.82778000e-01
5.82934000e-01
5.82930000e-01
5.82767000e-01
5.82529000e-01
5.82307000e-01
5.82189000e-01
5.82261000e-01
5.82595000e-01
5.83265000e-01
5.84348000e-01
5.85935000e-01
5.88109000e-01
5.90978000e-01
5.94970000e-01
5.92594000e-01
5.90837000e-01
5.89565000e-01
5.88697000e-01
5.88158000e-01
5.87882000e-01
5.87812000e-01
5.87891000e-01
5.88054000e-01
5.88233000e-01
5.88353000e-01
5.88348000e-01
5.88222000e-01
5.88039000e-01
5.87869000e-01
5.87779000e-01
5.87839000e-01
5.88106000e-01
5.88634000e-01
5.89492000e-01
5.90755000e-01
5.92505000e-01
5.94880000e-01
5.96224000e-01
5.94383000e-01
5.93079000e-01
5.92146000e-01
5.91513000e-01
5.91118000e-01
5.90912000e-01
5.90853000e-01
5.90901000e-01
5.91010000e-01
5.91131000e-01
5.91214000e-01
5.91209000e-01
5.91121000e-01
5.90995000e-01
5.90879000e-01
5.90820000e-01
5.90870000e-01
5.91066000e-01
5.91451000e-01
5.92075000e-01
5.93000000e-01
5.94298000e-01
5.96137000e-01
5.94624000e-01
5.93390000e-01
5.92585000e-01
5.92021000e-01
5.91640000e-01
5.91397000e-01
5.91265000e-01
5.91217000e-01
5.91231000e-01
5.91280000e-01
5.91340000e-01
5.91381000e-01
5.91376000e-01
5.91329000e-01
5.91265000e-01
5.91210000e-01
5.91185000e-01
5.91224000e-01
5.91347000e-01
5.91579000e-01
5.91951000e-01
5.92509000e-01
5.93308000e-01
5.94541000e-01
5.89766000e-01
5.89249000e-01
5.89017000e-01
5.88870000e-01
5.88772000e-01
5.88699000e-01
5.88648000e-01
5.88611000e-01
5.88585000e-01
5.88567000e-01
5.88555000e-01
5.88549000e-01
5.88544000e-01
5.88545000e-01
5.88552000e-01
5.88564000e-01
5.88580000e-01
5.88608000e-01
5.88651000e-01
5.88712000e-01
5.88803000e-01
5.88945000e-01
5.89170000e-01
5.89685000e-01
5.80974000e-01
5.81337000e-01
5.81791000e-01
5.82136000e-01
5.82369000e-01
5.82495000e-01
5.82536000e-01
5.82510000e-01
5.82437000e-01
5.82339000e-01
5.82244000e-01
5.82182000e-01
5.82177000e-01
5.82234000e-01
5.82324000e-01
5.82417000e-01
5.82480000e-01
5.82497000e-01
5.82448000e-01
5.82310000e-01
5.82071000e-01
5.81721000e-01
5.81261000e-01
5.80896000e-01
5.67180000e-01
5.68658000e-01
5.69962000e-01
5.70915000e-01
5.71552000e-01
5.71919000e-01
5.72073000e-01
5.72060000e-01
5.71927000e-01
5.71732000e-01
5.71533000e-01
5.71402000e-01
5.71397000e-01
5.71523000e-01
5.71717000e-01
5.71908000e-01
5.72030000e-01
5.72035000e-01
5.71873000e-01
5.71494000e-01
5.70851000e-01
5.69895000e-01
5.68584000e-01
5.67104000e-01
5.46745000e-01
5.49666000e-01
5.52062000e-01
5.53788000e-01
5.54938000e-01
5.55611000e-01
5.55906000e-01
5.55907000e-01
5.55700000e-01
5.55379000e-01
5.55049000e-01
5.54830000e-01
5.54826000e-01
5.55040000e-01
5.55365000e-01
5.55681000e-01
5.55879000e-01
5.55869000e-01
5.55566000e-01
5.54882000e-01
5.53727000e-01
5.51997000e-01
5.49595000e-01
5.46671000e-01
5.16400000e-01
5.21389000e-01
5.25345000e-01
5.28176000e-01
5.30057000e-01
5.31165000e-01
5.31660000e-01
5.31682000e-01
5.31367000e-01
5.30866000e-01
5.30348000e-01
5.30003000e-01
5.29999000e-01
5.30339000e-01
5.30852000e-01
5.31348000e-01
5.31654000e-01
5.31624000e-01
5.31121000e-01
5.30003000e-01
5.28116000e-01
5.25282000e-01
5.21320000e-01
5.16328000e-01
4.71458000e-01
4.79245000e-01
4.85337000e-01
4.89691000e-01
4.92583000e-01
4.94294000e-01
4.95067000e-01
4.95116000e-01
4.94652000e-01
4.93900000e-01
4.93121000e-01
4.92602000e-01
4.92599000e-01
4.93112000e-01
4.93886000e-01
4.94633000e-01
4.95090000e-01
4.95033000e-01
4.94252000e-01
4.92531000e-01
4.89632000e-01
4.85275000e-01
4.79178000e-01
4.71389000e-01
4.05876000e-01
4.17103000e-01
4.25898000e-01
4.32218000e-01
4.36432000e-01
4.38937000e-01
4.40077000e-01
4.40163000e-01
4.39500000e-01
4.38418000e-01
4.37295000e-01
4.36547000e-01
4.36544000e-01
4.37286000e-01
4.38405000e-01
4.39481000e-01
4.40138000e-01
4.40044000e-01
4.38897000e-01
4.36382000e-01
4.32162000e-01
4.25840000e-01
4.17039000e-01
4.05809000e-01
3.14758000e-01
3.29177000e-01
3.40654000e-01
3.49015000e-01
3.54643000e-01
3.58014000e-01
3.59559000e-01
3.59685000e-01
3.58804000e-01
3.57362000e-01
3.55864000e-01
3.54869000e-01
3.54866000e-01
3.55856000e-01
3.57349000e-01
3.58787000e-01
3.59662000e-01
3.59528000e-01
3.57976000e-01
3.54598000e-01
3.48963000e-01
3.40600000e-01
3.29119000e-01
3.14698000e-01
1.98962000e-01
2.14517000e-01
2.27326000e-01
2.36903000e-01
2.43464000e-01
2.47439000e-01
2.49276000e-01
2.49435000e-01
2.48400000e-01
2.46703000e-01
2.44945000e-01
2.43781000e-01
2.43779000e-01
2.44939000e-01
2.46692000e-01
2.48385000e-01
2.49415000e-01
2.49251000e-01
2.47408000e-01
2.43425000e-01
2.36860000e-01
2.27282000e-01
2.14471000e-01
1.98916000e-01
8.99995000e-02
1.00321000e-01
1.09317000e-01
1.16354000e-01
1.21334000e-01
1.24417000e-01
1.25861000e-01
1.25990000e-01
1.25180000e-01
1.23857000e-01
1.22496000e-01
1.21600000e-01
1.21598000e-01
1.22492000e-01
1.23850000e-01
1.25170000e-01
1.25977000e-01
1.25845000e-01
1.24398000e-01
1.21310000e-01
1.16328000e-01
1.09291000e-01
1.00295000e-01
8.99746000e-02
2.77786000e-02
3.14852000e-02
3.48292000e-02
3.75236000e-02
3.94746000e-02
4.07013000e-02
4.12813000e-02
4.13334000e-02
4.10084000e-02
4.04795000e-02
3.99377000e-02
3.95827000e-02
3.95822000e-02
3.99362000e-02
4.04770000e-02
4.10050000e-02
4.13289000e-02
4.12754000e-02
4.06944000e-02
3.94660000e-02
3.75144000e-02
3.48201000e-02
3.14763000e-02
2.77703000e-02
5.74689000e-03
6.53602000e-03
7.25376000e-03
7.83636000e-03
8.26069000e-03
8.52859000e-03
8.65556000e-03
8.66701000e-03
8.59585000e-03
8.48019000e-03
8.36185000e-03
8.28440000e-03
8.28429000e-03
8.36154000e-03
8.47966000e-03
8.59513000e-03
8.66605000e-03
8.65430000e-03
8.52711000e-03
8.25886000e-03
7.83439000e-03
7.25183000e-03
6.53413000e-03
5.74516000e-03
7.71355000e-04
8.69854000e-04
9.58984000e-04
1.03108000e-03
1.08348000e-03
1.11651000e-03
1.13216000e-03
1.13357000e-03
1.12480000e-03
1.11055000e-03
1.09595000e-03
1.08640000e-03
1.08638000e-03
1.09591000e-03
1.11048000e-03
1.12471000e-03
1.13345000e-03
1.13200000e-03
1.11633000e-03
1.08325000e-03
1.03084000e-03
9.58742000e-04
8.69617000e-04
7.71136000e-04
1.14018000e-03
1.23763000e-03
1.32218000e-03
1.38847000e-03
1.43559000e-03
1.46487000e-03
1.47862000e-03
1.47984000e-03
1.47213000e-03
1.45955000e-03
1.44662000e-03
1.43812000e-03
1.43810000e-03
1.44658000e-03
1.45949000e-03
1.47204000e-03
1.47973000e-03
1.47847000e-03
1.46470000e-03
1.43537000e-03
1.38823000e-03
1.32193000e-03
1.23738000e-03
1.13994000e-03
4.25592000e-01
4.55980000e-01
4.84321000e-01
5.09357000e-01
5.30827000e-01
5.48849000e-01
5.63660000e-01
5.75510000e-01
5.84604000e-01
5.91077000e-01
5.94975000e-01
5.96228000e-01
5.94628000e-01
5.89769000e-01
5.80977000e-01
5.67183000e-01
5.46747000e-01
5.16402000e-01
4.71460000e-01
4.05877000e-01
3.14759000e-01
1.98964000e-01
9.00004000e-02
2.77789000e-02
5.74695000e-03
7.71363000e-04
1.14019000e-03
4.17295000e-01
4.48664000e-01
4.77545000e-01
5.03194000e-01
5.25299000e-01
5.43930000e-01
5.59304000e-01
5.71673000e-01
5.81257000e-01
5.88211000e-01
5.92601000e-01
5.94389000e-01
5.93396000e-01
5.89255000e-01
5.81343000e-01
5.68663000e-01
5.49671000e-01
5.21394000e-01
4.79249000e-01
4.17107000e-01
3.29180000e-01
2.14520000e-01
1.00323000e-01
3.14858000e-02
6.53613000e-03
8.69868000e-04
1.23764000e-03
4.10920000e-01
4.42816000e-01
4.72198000e-01
4.98336000e-01
5.20934000e-01
5.40039000e-01
5.55865000e-01
5.68665000e-01
5.78665000e-01
5.86033000e-01
5.90849000e-01
5.93089000e-01
5.92595000e-01
5.89027000e-01
5.81800000e-01
5.69971000e-01
5.52071000e-01
5.25354000e-01
4.85345000e-01
4.25906000e-01
3.40660000e-01
2.27332000e-01
1.09320000e-01
3.48302000e-02
7.25398000e-03
9.59010000e-04
1.32220000e-03
4.06262000e-01
4.38456000e-01
4.68218000e-01
4.94728000e-01
5.17687000e-01
5.37141000e-01
5.53305000e-01
5.66431000e-01
5.76752000e-01
5.84438000e-01
5.89578000e-01
5.92158000e-01
5.92032000e-01
5.88881000e-01
5.82147000e-01
5.70925000e-01
5.53798000e-01
5.28185000e-01
4.89700000e-01
4.32226000e-01
3.49022000e-01
2.36909000e-01
1.16357000e-01
3.75249000e-02
7.83664000e-03
1.03112000e-03
1.38851000e-03
4.03067000e-01
4.35436000e-01
4.65451000e-01
4.92219000e-01
5.15427000e-01
5.35128000e-01
5.51530000e-01
5.64889000e-01
5.75437000e-01
5.83348000e-01
5.88715000e-01
5.91529000e-01
5.91655000e-01
5.88785000e-01
5.82381000e-01
5.71563000e-01
5.54948000e-01
5.30066000e-01
4.92592000e-01
4.36441000e-01
3.54652000e-01
2.43471000e-01
1.21338000e-01
3.94761000e-02
8.26102000e-03
1.08352000e-03
1.43563000e-03
4.01091000e-01
4.33560000e-01
4.63726000e-01
4.90650000e-01
5.14015000e-01
5.33870000e-01
5.50423000e-01
5.63928000e-01
5.74620000e-01
5.82672000e-01
5.88179000e-01
5.91138000e-01
5.91417000e-01
5.88718000e-01
5.82512000e-01
5.71936000e-01
5.55627000e-01
5.31180000e-01
4.94309000e-01
4.38951000e-01
3.58026000e-01
2.47449000e-01
1.24424000e-01
4.07038000e-02
8.52913000e-03
1.11658000e-03
1.46493000e-03
4.00119000e-01
4.32639000e-01
4.62872000e-01
4.89869000e-01
5.13309000e-01
5.33239000e-01
5.49866000e-01
5.63446000e-01
5.74209000e-01
5.82331000e-01
5.87907000e-01
5.90936000e-01
5.91288000e-01
5.88670000e-01
5.82557000e-01
5.72093000e-01
5.55926000e-01
5.31679000e-01
4.95086000e-01
4.40096000e-01
3.59576000e-01
2.49291000e-01
1.25870000e-01
4.12845000e-02
8.65626000e-03
1.13225000e-03
1.47870000e-03
3.99937000e-01
4.32471000e-01
4.62714000e-01
4.89720000e-01
5.13167000e-01
5.33107000e-01
5.49748000e-01
5.63341000e-01
5.74118000e-01
5.82252000e-01
5.87840000e-01
5.90880000e-01
5.91242000e-01
5.88634000e-01
5.82533000e-01
5.72081000e-01
5.55928000e-01
5.31702000e-01
4.95137000e-01
4.40183000e-01
3.59704000e-01
2.49451000e-01
1.25999000e-01
4.13370000e-02
8.66778000e-03
1.13366000e-03
1.47993000e-03
4.00321000e-01
4.32847000e-01
4.63062000e-01
4.90025000e-01
5.13430000e-01
5.33334000e-01
5.49942000e-01
5.63505000e-01
5.74253000e-01
5.82359000e-01
5.87919000e-01
5.90927000e-01
5.91256000e-01
5.88609000e-01
5.82461000e-01
5.71951000e-01
5.55723000e-01
5.31389000e-01
4.94673000e-01
4.39520000e-01
3.58823000e-01
2.48415000e-01
1.25189000e-01
4.10119000e-02
8.59661000e-03
1.12490000e-03
1.47222000e-03
4.01027000e-01
4.33531000e-01
4.63690000e-01
4.90587000e-01
5.13927000e-01
5.33767000e-01
5.50315000e-01
5.63824000e-01
5.74520000e-01
5.82575000e-01
5.88083000e-01
5.91037000e-01
5.91306000e-01
5.88592000e-01
5.82363000e-01
5.71754000e-01
5.55401000e-01
5.30888000e-01
4.93922000e-01
4.38439000e-01
3.57381000e-01
2.46719000e-01
1.23867000e-01
4.04831000e-02
8.48096000e-03
1.11064000e-03
1.45964000e-03
4.01782000e-01
4.34263000e-01
4.64365000e-01
4.91192000e-01
5.14460000e-01
5.34234000e-01
5.50720000e-01
5.64170000e-01
5.74810000e-01
5.82811000e-01
5.88264000e-01
5.91161000e-01
5.91369000e-01
5.88584000e-01
5.82272000e-01
5.71560000e-01
5.55076000e-01
5.30374000e-01
4.93147000e-01
4.37319000e-01
3.55886000e-01
2.44964000e-01
1.22507000e-01
3.99419000e-02
8.36276000e-03
1.09607000e-03
1.44672000e-03
4.02287000e-01
4.34753000e-01
4.64819000e-01
4.91596000e-01
5.14818000e-01
5.34547000e-01
5.50992000e-01
5.64403000e-01
5.75007000e-01
5.82972000e-01
5.88389000e-01
5.91248000e-01
5.91414000e-01
5.88582000e-01
5.82213000e-01
5.71432000e-01
5.54860000e-01
5.30032000e-01
4.92631000e-01
4.36575000e-01
3.54894000e-01
2.43803000e-01
1.21613000e-01
3.95874000e-02
8.28541000e-03
1.08652000e-03
1.43824000e-03
4.02284000e-01
4.34751000e-01
4.64818000e-01
4.91595000e-01
5.14817000e-01
5.34547000e-01
5.50992000e-01
5.64403000e-01
5.75006000e-01
5.82970000e-01
5.88386000e-01
5.91245000e-01
5.91411000e-01
5.88579000e-01
5.82210000e-01
5.71430000e-01
5.54857000e-01
5.30030000e-01
4.92628000e-01
4.36573000e-01
3.54892000e-01
2.43801000e-01
1.21612000e-01
3.95871000e-02
8.28535000e-03
1.08652000e-03
1.43823000e-03
4.01775000e-01
4.34258000e-01
4.64360000e-01
4.91188000e-01
5.14459000e-01
5.34232000e-01
5.50718000e-01
5.64168000e-01
5.74808000e-01
5.82809000e-01
5.88263000e-01
5.91160000e-01
5.91367000e-01
5.88582000e-01
5.82269000e-01
5.71558000e-01
5.55073000e-01
5.30371000e-01
4.93144000e-01
4.37317000e-01
3.55884000e-01
2.44962000e-01
1.22506000e-01
3.99414000e-02
8.36265000e-03
1.09605000e-03
1.44672000e-03
4.01016000e-01
4.33523000e-01
4.63684000e-01
4.90581000e-01
5.13923000e-01
5.33763000e-01
5.50312000e-01
5.63821000e-01
5.74519000e-01
5.82573000e-01
5.88081000e-01
5.91035000e-01
5.91305000e-01
5.88591000e-01
5.82362000e-01
5.71754000e-01
5.55401000e-01
5.30887000e-01
4.93921000e-01
4.38438000e-01
3.57380000e-01
2.46718000e-01
1.23867000e-01
4.04830000e-02
8.48093000e-03
1.11064000e-03
1.45964000e-03
4.00304000e-01
4.32834000e-01
4.63049000e-01
4.90013000e-01
5.13421000e-01
5.33324000e-01
5.49932000e-01
5.63495000e-01
5.74244000e-01
5.82351000e-01
5.87910000e-01
5.90919000e-01
5.91248000e-01
5.88601000e-01
5.82453000e-01
5.71943000e-01
5.55716000e-01
5.31383000e-01
4.94667000e-01
4.39515000e-01
3.58818000e-01
2.48411000e-01
1.25187000e-01
4.10109000e-02
8.59641000e-03
1.12487000e-03
1.47219000e-03
3.99912000e-01
4.32453000e-01
4.62699000e-01
4.89703000e-01
5.13152000e-01
5.33092000e-01
5.49732000e-01
5.63325000e-01
5.74102000e-01
5.82237000e-01
5.87825000e-01
5.90865000e-01
5.91229000e-01
5.88622000e-01
5.82522000e-01
5.72071000e-01
5.55919000e-01
5.31693000e-01
4.95127000e-01
4.40173000e-01
3.59695000e-01
2.49443000e-01
1.25995000e-01
4.13353000e-02
8.66741000e-03
1.13362000e-03
1.47989000e-03
4.00086000e-01
4.32614000e-01
4.62855000e-01
4.89850000e-01
5.13291000e-01
5.33220000e-01
5.49848000e-01
5.63428000e-01
5.74192000e-01
5.82314000e-01
5.87890000e-01
5.90918000e-01
5.91271000e-01
5.88653000e-01
5.82541000e-01
5.72078000e-01
5.55911000e-01
5.31665000e-01
4.95072000e-01
4.40083000e-01
3.59563000e-01
2.49280000e-01
1.25864000e-01
4.12822000e-02
8.65576000e-03
1.13218000e-03
1.47865000e-03
4.01050000e-01
4.33529000e-01
4.63699000e-01
4.90625000e-01
5.13992000e-01
5.33846000e-01
5.50400000e-01
5.63905000e-01
5.74597000e-01
5.82649000e-01
5.88157000e-01
5.91116000e-01
5.91395000e-01
5.88697000e-01
5.82492000e-01
5.71917000e-01
5.55608000e-01
5.31162000e-01
4.94292000e-01
4.38935000e-01
3.58012000e-01
2.47437000e-01
1.24416000e-01
4.07011000e-02
8.52853000e-03
1.11651000e-03
1.46486000e-03
4.03016000e-01
4.35394000e-01
4.65417000e-01
4.92188000e-01
5.15399000e-01
5.35100000e-01
5.51502000e-01
5.64861000e-01
5.75410000e-01
5.83321000e-01
5.88688000e-01
5.91504000e-01
5.91630000e-01
5.88761000e-01
5.82358000e-01
5.71541000e-01
5.54928000e-01
5.30047000e-01
4.92574000e-01
4.36424000e-01
3.54636000e-01
2.43457000e-01
1.21330000e-01
3.94731000e-02
8.26037000e-03
1.08344000e-03
1.43555000e-03
4.06201000e-01
4.38403000e-01
4.68172000e-01
4.94684000e-01
5.17645000e-01
5.37105000e-01
5.53270000e-01
5.66397000e-01
5.76718000e-01
5.84405000e-01
5.89547000e-01
5.92128000e-01
5.92003000e-01
5.88854000e-01
5.82121000e-01
5.70900000e-01
5.53775000e-01
5.28163000e-01
4.89678000e-01
4.32206000e-01
3.49003000e-01
2.36893000e-01
1.16347000e-01
3.75214000e-02
7.83588000e-03
1.03102000e-03
1.38841000e-03
4.10854000e-01
4.42755000e-01
4.72143000e-01
4.98284000e-01
5.20886000e-01
5.39994000e-01
5.55822000e-01
5.68623000e-01
5.78625000e-01
5.85994000e-01
5.90812000e-01
5.93054000e-01
5.92562000e-01
5.88995000e-01
5.81770000e-01
5.69942000e-01
5.52043000e-01
5.25326000e-01
4.85318000e-01
4.25880000e-01
3.40637000e-01
2.27313000e-01
1.09309000e-01
3.48264000e-02
7.25316000e-03
9.58909000e-04
1.32210000e-03
4.17224000e-01
4.48598000e-01
4.77484000e-01
5.03136000e-01
5.25244000e-01
5.43876000e-01
5.59254000e-01
5.71627000e-01
5.81213000e-01
5.88168000e-01
5.92562000e-01
5.94352000e-01
5.93361000e-01
5.89222000e-01
5.81311000e-01
5.68632000e-01
5.49642000e-01
5.21366000e-01
4.79222000e-01
4.17081000e-01
3.29157000e-01
2.14501000e-01
1.00313000e-01
3.14821000e-02
6.53537000e-03
8.69772000e-04
1.23754000e-03
4.25520000e-01
4.55913000e-01
4.84258000e-01
5.09298000e-01
5.30772000e-01
5.48794000e-01
5.63610000e-01
5.75463000e-01
5.84560000e-01
5.91036000e-01
5.94935000e-01
5.96191000e-01
5.94593000e-01
5.89735000e-01
5.80944000e-01
5.67152000e-01
5.46717000e-01
5.16374000e-01
4.71433000e-01
4.05852000e-01
3.14736000e-01
1.98946000e-01
8.99906000e-02
2.77756000e-02
5.74627000e-03
7.71277000e-04
1.14010000e-03
4.25394000e-01
4.55804000e-01
4.84162000e-01
5.09211000e-01
5.30693000e-01
5.48725000e-01
5.63545000e-01
5.75402000e-01
5.84502000e-01
5.90980000e-01
5.94881000e-01
5.96139000e-01
5.94543000e-01
5.89687000e-01
5.80898000e-01
5.67107000e-01
5.46673000e-01
5.16330000e-01
4.71391000e-01
4.05811000e-01
3.14700000e-01
1.98917000e-01
8.99754000e-02
2.77706000e-02
5.74521000e-03
7.71142000e-04
1.13995000e-03
4.17095000e-01
4.48487000e-01
4.77384000e-01
5.03050000e-01
5.25167000e-01
5.43806000e-01
5.59188000e-01
5.71564000e-01
5.81154000e-01
5.88112000e-01
5.92507000e-01
5.94300000e-01
5.93311000e-01
5.89173000e-01
5.81264000e-01
5.68587000e-01
5.49598000e-01
5.21322000e-01
4.79180000e-01
4.17041000e-01
3.29121000e-01
2.14472000e-01
1.00296000e-01
3.14766000e-02
6.53419000e-03
8.69625000e-04
1.23739000e-03
4.10721000e-01
4.42642000e-01
4.72043000e-01
4.98198000e-01
5.20806000e-01
5.39918000e-01
5.55751000e-01
5.68556000e-01
5.78561000e-01
5.85934000e-01
5.90755000e-01
5.93000000e-01
5.92509000e-01
5.88944000e-01
5.81720000e-01
5.69894000e-01
5.51996000e-01
5.25281000e-01
4.85274000e-01
4.25839000e-01
3.40599000e-01
2.27282000e-01
1.09291000e-01
3.48201000e-02
7.25183000e-03
9.58743000e-04
1.32194000e-03
4.06065000e-01
4.38286000e-01
4.68066000e-01
4.94591000e-01
5.17563000e-01
5.37026000e-01
5.53196000e-01
5.66328000e-01
5.76653000e-01
5.84343000e-01
5.89488000e-01
5.92071000e-01
5.91948000e-01
5.88800000e-01
5.82069000e-01
5.70850000e-01
5.53726000e-01
5.28116000e-01
4.89633000e-01
4.32162000e-01
3.48964000e-01
2.36860000e-01
1.16328000e-01
3.75145000e-02
7.83442000e-03
1.03084000e-03
1.38824000e-03
4.02874000e-01
4.35273000e-01
4.65310000e-01
4.92090000e-01
5.15311000e-01
5.35018000e-01
5.51425000e-01
5.64788000e-01
5.75339000e-01
5.83253000e-01
5.88623000e-01
5.91441000e-01
5.91570000e-01
5.88703000e-01
5.82302000e-01
5.71487000e-01
5.54876000e-01
5.29997000e-01
4.92525000e-01
4.36377000e-01
3.54593000e-01
2.43422000e-01
1.21308000e-01
3.94653000e-02
8.25871000e-03
1.08324000e-03
1.43537000e-03
4.00904000e-01
4.33404000e-01
4.63589000e-01
4.90528000e-01
5.13901000e-01
5.33760000e-01
5.50317000e-01
5.63828000e-01
5.74523000e-01
5.82578000e-01
5.88089000e-01
5.91051000e-01
5.91333000e-01
5.88638000e-01
5.82435000e-01
5.71862000e-01
5.55556000e-01
5.31111000e-01
4.94243000e-01
4.38888000e-01
3.57968000e-01
2.47401000e-01
1.24394000e-01
4.06929000e-02
8.52679000e-03
1.11629000e-03
1.46467000e-03
3.99935000e-01
4.32482000e-01
4.62743000e-01
4.89752000e-01
5.13199000e-01
5.33132000e-01
5.49765000e-01
5.63348000e-01
5.74114000e-01
5.82239000e-01
5.87819000e-01
5.90851000e-01
5.91206000e-01
5.88591000e-01
5.82482000e-01
5.72021000e-01
5.55856000e-01
5.31612000e-01
4.95021000e-01
4.40034000e-01
3.59519000e-01
2.49243000e-01
1.25840000e-01
4.12737000e-02
8.65394000e-03
1.13196000e-03
1.47844000e-03
3.99756000e-01
4.32318000e-01
4.62587000e-01
4.89603000e-01
5.13059000e-01
5.33004000e-01
5.49650000e-01
5.63247000e-01
5.74028000e-01
5.82165000e-01
5.87757000e-01
5.90800000e-01
5.91166000e-01
5.88561000e-01
5.82463000e-01
5.72014000e-01
5.55864000e-01
5.31641000e-01
4.95078000e-01
4.40126000e-01
3.59652000e-01
2.49407000e-01
1.25972000e-01
4.13271000e-02
8.66565000e-03
1.13340000e-03
1.47970000e-03
4.00146000e-01
4.32696000e-01
4.62932000e-01
4.89907000e-01
5.13323000e-01
5.33234000e-01
5.49847000e-01
5.63415000e-01
5.74167000e-01
5.82277000e-01
5.87841000e-01
5.90853000e-01
5.91185000e-01
5.88541000e-01
5.82395000e-01
5.71888000e-01
5.55663000e-01
5.31331000e-01
4.94618000e-01
4.39467000e-01
3.58774000e-01
2.48374000e-01
1.25164000e-01
4.10026000e-02
8.59463000e-03
1.12465000e-03
1.47200000e-03
4.00857000e-01
4.33385000e-01
4.63565000e-01
4.90473000e-01
5.13824000e-01
5.33670000e-01
5.50225000e-01
5.63738000e-01
5.74438000e-01
5.82497000e-01
5.88009000e-01
5.90966000e-01
5.91239000e-01
5.88528000e-01
5.82302000e-01
5.71696000e-01
5.55345000e-01
5.30834000e-01
4.93870000e-01
4.38390000e-01
3.57335000e-01
2.46681000e-01
1.23844000e-01
4.04745000e-02
8.47914000e-03
1.11042000e-03
1.45944000e-03
4.01615000e-01
4.34120000e-01
4.64244000e-01
4.91082000e-01
5.14359000e-01
5.34137000e-01
5.50630000e-01
5.64084000e-01
5.74729000e-01
5.82734000e-01
5.88190000e-01
5.91091000e-01
5.91301000e-01
5.88519000e-01
5.82209000e-01
5.71500000e-01
5.55018000e-01
5.30318000e-01
4.93092000e-01
4.37267000e-01
3.55839000e-01
2.44924000e-01
1.22483000e-01
3.99330000e-02
8.36086000e-03
1.09583000e-03
1.44652000e-03
4.02123000e-01
4.34614000e-01
4.64697000e-01
4.91489000e-01
5.14717000e-01
5.34450000e-01
5.50900000e-01
5.64315000e-01
5.74923000e-01
5.82892000e-01
5.88312000e-01
5.91175000e-01
5.91343000e-01
5.88514000e-01
5.82149000e-01
5.71371000e-01
5.54801000e-01
5.29976000e-01
4.92576000e-01
4.36523000e-01
3.54846000e-01
2.43763000e-01
1.21588000e-01
3.95785000e-02
8.28352000e-03
1.08629000e-03
1.43803000e-03
4.02121000e-01
4.34613000e-01
4.64696000e-01
4.91486000e-01
5.14717000e-01
5.34447000e-01
5.50897000e-01
5.64312000e-01
5.74920000e-01
5.82888000e-01
5.88309000e-01
5.91172000e-01
5.91341000e-01
5.88512000e-01
5.82147000e-01
5.71369000e-01
5.54799000e-01
5.29974000e-01
4.92575000e-01
4.36521000e-01
3.54845000e-01
2.43762000e-01
1.21588000e-01
3.95783000e-02
8.28348000e-03
1.08629000e-03
1.43802000e-03
4.01610000e-01
4.34118000e-01
4.64241000e-01
4.91080000e-01
5.14357000e-01
5.34134000e-01
5.50624000e-01
5.64078000e-01
5.74722000e-01
5.82726000e-01
5.88183000e-01
5.91084000e-01
5.91295000e-01
5.88513000e-01
5.82203000e-01
5.71495000e-01
5.55013000e-01
5.30313000e-01
4.93088000e-01
4.37264000e-01
3.55835000e-01
2.44921000e-01
1.22481000e-01
3.99323000e-02
8.36071000e-03
1.09581000e-03
1.44650000e-03
4.00847000e-01
4.33380000e-01
4.63560000e-01
4.90472000e-01
5.13821000e-01
5.33666000e-01
5.50219000e-01
5.63731000e-01
5.74432000e-01
5.82490000e-01
5.88001000e-01
5.90959000e-01
5.91231000e-01
5.88520000e-01
5.82295000e-01
5.71689000e-01
5.55339000e-01
5.30827000e-01
4.93864000e-01
4.38384000e-01
3.57330000e-01
2.46676000e-01
1.23841000e-01
4.04735000e-02
8.47891000e-03
1.11039000e-03
1.45942000e-03
4.00131000e-01
4.32686000e-01
4.62924000e-01
4.89902000e-01
5.13319000e-01
5.33227000e-01
5.49841000e-01
5.63408000e-01
5.74161000e-01
5.82271000e-01
5.87834000e-01
5.90846000e-01
5.91178000e-01
5.88534000e-01
5.82389000e-01
5.71882000e-01
5.55657000e-01
5.31325000e-01
4.94612000e-01
4.39461000e-01
3.58769000e-01
2.48370000e-01
1.25161000e-01
4.10015000e-02
8.59440000e-03
1.12462000e-03
1.47197000e-03
3.99736000e-01
4.32301000e-01
4.62568000e-01
4.89590000e-01
5.13047000e-01
5.32993000e-01
5.49640000e-01
5.63238000e-01
5.74020000e-01
5.82158000e-01
5.87750000e-01
5.90793000e-01
5.91159000e-01
5.88555000e-01
5.82457000e-01
5.72008000e-01
5.55858000e-01
5.31634000e-01
4.95071000e-01
4.40120000e-01
3.59646000e-01
2.49402000e-01
1.25969000e-01
4.13259000e-02
8.66540000e-03
1.13337000e-03
1.47967000e-03
3.99906000e-01
4.32458000e-01
4.62716000e-01
4.89731000e-01
5.13180000e-01
5.33115000e-01
5.49748000e-01
5.63332000e-01
5.74101000e-01
5.82226000e-01
5.87807000e-01
5.90840000e-01
5.91196000e-01
5.88581000e-01
5.82472000e-01
5.72012000e-01
5.55847000e-01
5.31603000e-01
4.95013000e-01
4.40026000e-01
3.59512000e-01
2.49237000e-01
1.25837000e-01
4.12725000e-02
8.65367000e-03
1.13193000e-03
1.47842000e-03
4.00866000e-01
4.33369000e-01
4.63559000e-01
4.90502000e-01
5.13878000e-01
5.33739000e-01
5.50297000e-01
5.63807000e-01
5.74502000e-01
5.82559000e-01
5.88070000e-01
5.91033000e-01
5.91316000e-01
5.88621000e-01
5.82419000e-01
5.71847000e-01
5.55541000e-01
5.31098000e-01
4.94230000e-01
4.38876000e-01
3.57958000e-01
2.47392000e-01
1.24388000e-01
4.06909000e-02
8.52635000e-03
1.11624000e-03
1.46462000e-03
4.02826000e-01
4.35230000e-01
4.65272000e-01
4.92058000e-01
5.15281000e-01
5.34990000e-01
5.51399000e-01
5.64763000e-01
5.75315000e-01
5.83230000e-01
5.88600000e-01
5.91419000e-01
5.91548000e-01
5.88683000e-01
5.82282000e-01
5.71468000e-01
5.54858000e-01
5.29980000e-01
4.92509000e-01
4.36362000e-01
3.54579000e-01
2.43410000e-01
1.21301000e-01
3.94627000e-02
8.25815000e-03
1.08317000e-03
1.43530000e-03
4.06010000e-01
4.38234000e-01
4.68023000e-01
4.94553000e-01
5.17526000e-01
5.36993000e-01
5.53165000e-01
5.66298000e-01
5.76624000e-01
5.84315000e-01
5.89460000e-01
5.92045000e-01
5.91923000e-01
5.88776000e-01
5.82046000e-01
5.70828000e-01
5.53704000e-01
5.28095000e-01
4.89612000e-01
4.32143000e-01
3.48945000e-01
2.36845000e-01
1.16319000e-01
3.75112000e-02
7.83372000e-03
1.03076000e-03
1.38816000e-03
4.10659000e-01
4.42582000e-01
4.71989000e-01
4.98148000e-01
5.20759000e-01
5.39876000e-01
5.55712000e-01
5.68519000e-01
5.78526000e-01
5.85900000e-01
5.90722000e-01
5.92968000e-01
5.92479000e-01
5.88915000e-01
5.81692000e-01
5.69867000e-01
5.51970000e-01
5.25256000e-01
4.85250000e-01
4.25816000e-01
3.40578000e-01
2.27265000e-01
1.09281000e-01
3.48165000e-02
7.25108000e-03
9.58649000e-04
1.32184000e-03
4.17026000e-01
4.48419000e-01
4.77326000e-01
5.02992000e-01
5.25111000e-01
5.43753000e-01
5.59138000e-01
5.71518000e-01
5.81110000e-01
5.88070000e-01
5.92468000e-01
5.94262000e-01
5.93274000e-01
5.89137000e-01
5.81230000e-01
5.68553000e-01
5.49565000e-01
5.21291000e-01
4.79150000e-01
4.17013000e-01
3.29095000e-01
2.14451000e-01
1.00284000e-01
3.14726000e-02
6.53335000e-03
8.69520000e-04
1.23728000e-03
4.25322000e-01
4.55735000e-01
4.84097000e-01
5.09153000e-01
5.30638000e-01
5.48672000e-01
5.63496000e-01
5.75355000e-01
5.84458000e-01
5.90938000e-01
5.94841000e-01
5.96101000e-01
5.94506000e-01
5.89652000e-01
5.80864000e-01
5.67074000e-01
5.46641000e-01
5.16300000e-01
4.71362000e-01
4.05784000e-01
3.14676000e-01
1.98898000e-01
8.99651000e-02
2.77672000e-02
5.74449000e-03
7.71052000e-04
1.13985000e-03
4.25517000e-01
4.55914000e-01
4.84262000e-01
5.09303000e-01
5.30775000e-01
5.48798000e-01
5.63611000e-01
5.75464000e-01
5.84560000e-01
5.91036000e-01
5.94935000e-01
5.96190000e-01
5.94592000e-01
5.89735000e-01
5.80944000e-01
5.67152000e-01
5.46717000e-01
5.16373000e-01
4.71433000e-01
4.05851000e-01
3.14736000e-01
1.98945000e-01
8.99904000e-02
2.77756000e-02
5.74625000e-03
7.71275000e-04
1.14010000e-03
4.17220000e-01
4.48597000e-01
4.77486000e-01
5.03142000e-01
5.25247000e-01
5.43878000e-01
5.59254000e-01
5.71625000e-01
5.81211000e-01
5.88167000e-01
5.92561000e-01
5.94352000e-01
5.93361000e-01
5.89222000e-01
5.81311000e-01
5.68632000e-01
5.49642000e-01
5.21365000e-01
4.79222000e-01
4.17081000e-01
3.29156000e-01
2.14501000e-01
1.00312000e-01
3.14821000e-02
6.53535000e-03
8.69771000e-04
1.23755000e-03
4.10842000e-01
4.42747000e-01
4.72138000e-01
4.98286000e-01
5.20884000e-01
5.39989000e-01
5.55815000e-01
5.68616000e-01
5.78618000e-01
5.85989000e-01
5.90808000e-01
5.93051000e-01
5.92559000e-01
5.88993000e-01
5.81767000e-01
5.69940000e-01
5.52041000e-01
5.25324000e-01
4.85316000e-01
4.25879000e-01
3.40636000e-01
2.27312000e-01
1.09309000e-01
3.48262000e-02
7.25312000e-03
9.58905000e-04
1.32210000e-03
4.06178000e-01
4.38385000e-01
4.68156000e-01
4.94675000e-01
5.17637000e-01
5.37092000e-01
5.53256000e-01
5.66382000e-01
5.76704000e-01
5.84391000e-01
5.89534000e-01
5.92116000e-01
5.91992000e-01
5.88843000e-01
5.82110000e-01
5.70890000e-01
5.53765000e-01
5.28153000e-01
4.89669000e-01
4.32197000e-01
3.48996000e-01
2.36887000e-01
1.16344000e-01
3.75201000e-02
7.83562000e-03
1.03099000e-03
1.38839000e-03
4.02977000e-01
4.35362000e-01
4.65390000e-01
4.92163000e-01
5.15376000e-01
5.35077000e-01
5.51478000e-01
5.64837000e-01
5.75386000e-01
5.83298000e-01
5.88666000e-01
5.91482000e-01
5.91609000e-01
5.88742000e-01
5.82340000e-01
5.71525000e-01
5.54913000e-01
5.30033000e-01
4.92561000e-01
4.36411000e-01
3.54625000e-01
2.43448000e-01
1.21324000e-01
3.94711000e-02
8.25994000e-03
1.08339000e-03
1.43551000e-03
4.00996000e-01
4.33482000e-01
4.63658000e-01
4.90587000e-01
5.13956000e-01
5.33812000e-01
5.50366000e-01
5.63873000e-01
5.74566000e-01
5.82619000e-01
5.88129000e-01
5.91089000e-01
5.91370000e-01
5.88673000e-01
5.82470000e-01
5.71895000e-01
5.55588000e-01
5.31143000e-01
4.94273000e-01
4.38917000e-01
3.57995000e-01
2.47423000e-01
1.24408000e-01
4.06979000e-02
8.52786000e-03
1.11643000e-03
1.46480000e-03
4.00017000e-01
4.32554000e-01
4.62799000e-01
4.89801000e-01
5.13244000e-01
5.33174000e-01
5.49804000e-01
5.63387000e-01
5.74154000e-01
5.82278000e-01
5.87857000e-01
5.90888000e-01
5.91243000e-01
5.88627000e-01
5.82517000e-01
5.72055000e-01
5.55889000e-01
5.31644000e-01
4.95052000e-01
4.40063000e-01
3.59545000e-01
2.49265000e-01
1.25854000e-01
4.12786000e-02
8.65499000e-03
1.13209000e-03
1.47857000e-03
3.99830000e-01
4.32382000e-01
4.62636000e-01
4.89644000e-01
5.13093000e-01
5.33036000e-01
5.49680000e-01
5.63277000e-01
5.74059000e-01
5.82197000e-01
5.87789000e-01
5.90831000e-01
5.91196000e-01
5.88591000e-01
5.82491000e-01
5.72042000e-01
5.55891000e-01
5.31666000e-01
4.95102000e-01
4.40150000e-01
3.59673000e-01
2.49424000e-01
1.25983000e-01
4.13310000e-02
8.66650000e-03
1.13351000e-03
1.47980000e-03
4.00210000e-01
4.32752000e-01
4.62976000e-01
4.89942000e-01
5.13354000e-01
5.33261000e-01
5.49874000e-01
5.63443000e-01
5.74195000e-01
5.82304000e-01
5.87867000e-01
5.90879000e-01
5.91210000e-01
5.88566000e-01
5.82419000e-01
5.71911000e-01
5.55685000e-01
5.31353000e-01
4.94638000e-01
4.39487000e-01
3.58793000e-01
2.48390000e-01
1.25173000e-01
4.10061000e-02
8.59538000e-03
1.12474000e-03
1.47209000e-03
4.00913000e-01
4.33434000e-01
4.63606000e-01
4.90508000e-01
5.13849000e-01
5.33694000e-01
5.50246000e-01
5.63758000e-01
5.74458000e-01
5.82517000e-01
5.88028000e-01
5.90986000e-01
5.91258000e-01
5.88547000e-01
5.82321000e-01
5.71715000e-01
5.55364000e-01
5.30852000e-01
4.93887000e-01
4.38406000e-01
3.57351000e-01
2.46694000e-01
1.23852000e-01
4.04775000e-02
8.47976000e-03
1.11049000e-03
1.45951000e-03
4.01665000e-01
4.34165000e-01
4.64279000e-01
4.91111000e-01
5.14384000e-01
5.34158000e-01
5.50648000e-01
5.64100000e-01
5.74744000e-01
5.82749000e-01
5.88205000e-01
5.91106000e-01
5.91316000e-01
5.88534000e-01
5.82224000e-01
5.71515000e-01
5.55032000e-01
5.30332000e-01
4.93107000e-01
4.37282000e-01
3.55852000e-01
2.44935000e-01
1.22490000e-01
3.99355000e-02
8.36139000e-03
1.09590000e-03
1.44657000e-03
4.02166000e-01
4.34652000e-01
4.64730000e-01
4.91515000e-01
5.14740000e-01
5.34468000e-01
5.50917000e-01
5.64332000e-01
5.74939000e-01
5.82908000e-01
5.88328000e-01
5.91190000e-01
5.91359000e-01
5.88529000e-01
5.82164000e-01
5.71385000e-01
5.54816000e-01
5.29990000e-01
4.92591000e-01
4.36537000e-01
3.54860000e-01
2.43774000e-01
1.21595000e-01
3.95811000e-02
8.28407000e-03
1.08636000e-03
1.43809000e-03
4.02159000e-01
4.34646000e-01
4.64722000e-01
4.91510000e-01
5.14736000e-01
5.34466000e-01
5.50915000e-01
5.64329000e-01
5.74936000e-01
5.82904000e-01
5.88325000e-01
5.91188000e-01
5.91357000e-01
5.88528000e-01
5.82162000e-01
5.71384000e-01
5.54814000e-01
5.29989000e-01
4.92589000e-01
4.36535000e-01
3.54858000e-01
2.43773000e-01
1.21595000e-01
3.95808000e-02
8.28400000e-03
1.08635000e-03
1.43808000e-03
4.01644000e-01
4.34147000e-01
4.64264000e-01
4.91098000e-01
5.14373000e-01
5.34149000e-01
5.50638000e-01
5.64092000e-01
5.74737000e-01
5.82742000e-01
5.88199000e-01
5.91100000e-01
5.91310000e-01
5.88528000e-01
5.82218000e-01
5.71509000e-01
5.55026000e-01
5.30326000e-01
4.93100000e-01
4.37275000e-01
3.55845000e-01
2.44930000e-01
1.22486000e-01
3.99343000e-02
8.36113000e-03
1.09586000e-03
1.44654000e-03
4.00877000e-01
4.33404000e-01
4.63580000e-01
4.90484000e-01
5.13830000e-01
5.33675000e-01
5.50228000e-01
5.63740000e-01
5.74441000e-01
5.82501000e-01
5.88013000e-01
5.90971000e-01
5.91244000e-01
5.88532000e-01
5.82307000e-01
5.71701000e-01
5.55350000e-01
5.30838000e-01
4.93874000e-01
4.38393000e-01
3.57338000e-01
2.46683000e-01
1.23845000e-01
4.04750000e-02
8.47924000e-03
1.11043000e-03
1.45944000e-03
4.00157000e-01
4.32707000e-01
4.62938000e-01
4.89912000e-01
5.13325000e-01
5.33234000e-01
5.49847000e-01
5.63415000e-01
5.74168000e-01
5.82280000e-01
5.87844000e-01
5.90856000e-01
5.91189000e-01
5.88545000e-01
5.82399000e-01
5.71892000e-01
5.55667000e-01
5.31335000e-01
4.94621000e-01
4.39470000e-01
3.58777000e-01
2.48376000e-01
1.25165000e-01
4.10031000e-02
8.59473000e-03
1.12466000e-03
1.47200000e-03
3.99758000e-01
4.32319000e-01
4.62581000e-01
4.89599000e-01
5.13054000e-01
5.32999000e-01
5.49644000e-01
5.63243000e-01
5.74024000e-01
5.82163000e-01
5.87755000e-01
5.90799000e-01
5.91165000e-01
5.88561000e-01
5.82462000e-01
5.72014000e-01
5.55864000e-01
5.31639000e-01
4.95076000e-01
4.40124000e-01
3.59650000e-01
2.49405000e-01
1.25971000e-01
4.13266000e-02
8.66555000e-03
1.13339000e-03
1.47968000e-03
3.99925000e-01
4.32474000e-01
4.62729000e-01
4.89739000e-01
5.13186000e-01
5.33122000e-01
5.49757000e-01
5.63340000e-01
5.74109000e-01
5.82235000e-01
5.87815000e-01
5.90847000e-01
5.91203000e-01
5.88587000e-01
5.82478000e-01
5.72016000e-01
5.55851000e-01
5.31607000e-01
4.95016000e-01
4.40029000e-01
3.59515000e-01
2.49239000e-01
1.25838000e-01
4.12729000e-02
8.65376000e-03
1.13194000e-03
1.47842000e-03
4.00881000e-01
4.33382000e-01
4.63569000e-01
4.90508000e-01
5.13883000e-01
5.33745000e-01
5.50304000e-01
5.63816000e-01
5.74512000e-01
5.82568000e-01
5.88079000e-01
5.91041000e-01
5.91323000e-01
5.88628000e-01
5.82425000e-01
5.71852000e-01
5.55545000e-01
5.31101000e-01
4.94232000e-01
4.38878000e-01
3.57959000e-01
2.47393000e-01
1.24389000e-01
4.06911000e-02
8.52641000e-03
1.11625000e-03
1.46462000e-03
4.02839000e-01
4.35240000e-01
4.65278000e-01
4.92061000e-01
5.15284000e-01
5.34992000e-01
5.51402000e-01
5.64767000e-01
5.75320000e-01
5.83235000e-01
5.88606000e-01
5.91424000e-01
5.91554000e-01
5.88688000e-01
5.82287000e-01
5.71473000e-01
5.54862000e-01
5.29983000e-01
4.92512000e-01
4.36364000e-01
3.54581000e-01
2.43412000e-01
1.21302000e-01
3.94630000e-02
8.25822000e-03
1.08317000e-03
1.43530000e-03
4.06019000e-01
4.38241000e-01
4.68027000e-01
4.94557000e-01
5.17529000e-01
5.36994000e-01
5.53166000e-01
5.66298000e-01
5.76625000e-01
5.84317000e-01
5.89463000e-01
5.92047000e-01
5.91925000e-01
5.88778000e-01
5.82047000e-01
5.70828000e-01
5.53705000e-01
5.28095000e-01
4.89612000e-01
4.32142000e-01
3.48945000e-01
2.36845000e-01
1.16319000e-01
3.75111000e-02
7.83370000e-03
1.03075000e-03
1.38815000e-03
4.10663000e-01
4.42583000e-01
4.71991000e-01
4.98151000e-01
5.20762000e-01
5.39878000e-01
5.55712000e-01
5.68519000e-01
5.78525000e-01
5.85899000e-01
5.90722000e-01
5.92968000e-01
5.92479000e-01
5.88916000e-01
5.81694000e-01
5.69869000e-01
5.51972000e-01
5.25258000e-01
4.85252000e-01
4.25818000e-01
3.40580000e-01
2.27266000e-01
1.09282000e-01
3.48167000e-02
7.25112000e-03
9.58654000e-04
1.32185000e-03
4.17028000e-01
4.48423000e-01
4.77325000e-01
5.02994000e-01
5.25114000e-01
5.43755000e-01
5.59141000e-01
5.71519000e-01
5.81111000e-01
5.88072000e-01
5.92469000e-01
5.94263000e-01
5.93275000e-01
5.89139000e-01
5.81231000e-01
5.68555000e-01
5.49567000e-01
5.21293000e-01
4.79152000e-01
4.17014000e-01
3.29097000e-01
2.14453000e-01
1.00285000e-01
3.14729000e-02
6.53342000e-03
8.69528000e-04
1.23729000e-03
4.25323000e-01
4.55735000e-01
4.84096000e-01
5.09151000e-01
5.30637000e-01
5.48672000e-01
5.63496000e-01
5.75356000e-01
5.84458000e-01
5.90938000e-01
5.94842000e-01
5.96102000e-01
5.94507000e-01
5.89653000e-01
5.80865000e-01
5.67074000e-01
5.46642000e-01
5.16300000e-01
4.71362000e-01
4.05784000e-01
3.14676000e-01
1.98899000e-01
8.99654000e-02
2.77673000e-02
5.74451000e-03
7.71055000e-04
1.13986000e-03
4.05546000e-01
3.97138000e-01
3.90584000e-01
3.85409000e-01
3.81582000e-01
3.78952000e-01
3.77342000e-01
3.76569000e-01
3.76435000e-01
3.76721000e-01
3.77176000e-01
3.77520000e-01
3.77511000e-01
3.77148000e-01
3.76673000e-01
3.76367000e-01
3.76479000e-01
3.77231000e-01
3.78819000e-01
3.81430000e-01
3.85239000e-01
3.90399000e-01
3.96945000e-01
4.05346000e-01
3.97145000e-01
3.88010000e-01
3.80639000e-01
3.74788000e-01
3.70251000e-01
3.66855000e-01
3.64446000e-01
3.62875000e-01
3.61985000e-01
3.61608000e-01
3.61553000e-01
3.61611000e-01
3.61600000e-01
3.61520000e-01
3.61552000e-01
3.61906000e-01
3.62773000e-01
3.64322000e-01
3.66709000e-01
3.70085000e-01
3.74605000e-01
3.80443000e-01
3.87808000e-01
3.96942000e-01
3.90600000e-01
3.80649000e-01
3.72420000e-01
3.65783000e-01
3.60497000e-01
3.56359000e-01
3.53213000e-01
3.50924000e-01
3.49366000e-01
3.48408000e-01
3.47911000e-01
3.47722000e-01
3.47710000e-01
3.47873000e-01
3.48344000e-01
3.49277000e-01
3.50811000e-01
3.53077000e-01
3.56201000e-01
3.60319000e-01
3.65589000e-01
3.72215000e-01
3.80438000e-01
3.90392000e-01
3.85436000e-01
3.74808000e-01
3.65794000e-01
3.58365000e-01
3.52316000e-01
3.47447000e-01
3.43602000e-01
3.40654000e-01
3.38494000e-01
3.37022000e-01
3.36138000e-01
3.35736000e-01
3.35722000e-01
3.36096000e-01
3.36952000e-01
3.38397000e-01
3.40531000e-01
3.43456000e-01
3.47279000e-01
3.52129000e-01
3.58162000e-01
3.65582000e-01
3.74593000e-01
3.85225000e-01
3.81620000e-01
3.70284000e-01
3.60521000e-01
3.52329000e-01
3.45540000e-01
3.39969000e-01
3.35466000e-01
3.31911000e-01
3.29212000e-01
3.27287000e-01
3.26067000e-01
3.25478000e-01
3.25463000e-01
3.26020000e-01
3.27212000e-01
3.29109000e-01
3.31783000e-01
3.35313000e-01
3.39794000e-01
3.45345000e-01
3.52120000e-01
3.60304000e-01
3.70065000e-01
3.81409000e-01
3.79000000e-01
3.66900000e-01
3.56397000e-01
3.47475000e-01
3.39984000e-01
3.33755000e-01
3.28643000e-01
3.24538000e-01
3.21357000e-01
3.19035000e-01
3.17523000e-01
3.16776000e-01
3.16760000e-01
3.17475000e-01
3.18958000e-01
3.21251000e-01
3.24405000e-01
3.28485000e-01
3.33573000e-01
3.39784000e-01
3.47262000e-01
3.56176000e-01
3.66680000e-01
3.78790000e-01
3.77401000e-01
3.64503000e-01
3.53264000e-01
3.43644000e-01
3.35496000e-01
3.28660000e-01
3.22996000e-01
3.18401000e-01
3.14795000e-01
3.12129000e-01
3.10367000e-01
3.09488000e-01
3.09472000e-01
3.10318000e-01
3.12051000e-01
3.14689000e-01
3.18265000e-01
3.22836000e-01
3.28476000e-01
3.35293000e-01
3.43428000e-01
3.53042000e-01
3.64284000e-01
3.77193000e-01
3.76637000e-01
3.62943000e-01
3.50988000e-01
3.40710000e-01
3.31958000e-01
3.24572000e-01
3.18418000e-01
3.13392000e-01
3.09422000e-01
3.06462000e-01
3.04490000e-01
3.03499000e-01
3.03483000e-01
3.04443000e-01
3.06384000e-01
3.09314000e-01
3.13256000e-01
3.18256000e-01
3.24387000e-01
3.31754000e-01
3.40492000e-01
3.50766000e-01
3.62724000e-01
3.76432000e-01
3.76512000e-01
3.62063000e-01
3.49442000e-01
3.38563000e-01
3.29273000e-01
3.21407000e-01
3.14830000e-01
3.09439000e-01
3.05163000e-01
3.01961000e-01
2.99818000e-01
2.98737000e-01
2.98721000e-01
2.99772000e-01
3.01883000e-01
3.05056000e-01
3.09303000e-01
3.14667000e-01
3.21221000e-01
3.29068000e-01
3.38346000e-01
3.49220000e-01
3.61847000e-01
3.76310000e-01
3.76806000e-01
3.61696000e-01
3.48495000e-01
3.37105000e-01
3.27363000e-01
3.19100000e-01
3.12180000e-01
3.06497000e-01
3.01979000e-01
2.98588000e-01
2.96312000e-01
2.95160000e-01
2.95145000e-01
2.96266000e-01
2.98510000e-01
3.01872000e-01
3.06360000e-01
3.12015000e-01
3.18914000e-01
3.27157000e-01
3.36888000e-01
3.48275000e-01
3.61482000e-01
3.76608000e-01
3.77269000e-01
3.61650000e-01
3.48009000e-01
3.36234000e-01
3.26155000e-01
3.17603000e-01
3.10434000e-01
3.04542000e-01
2.99853000e-01
2.96329000e-01
2.93961000e-01
2.92760000e-01
2.92745000e-01
2.93915000e-01
2.96250000e-01
2.99746000e-01
3.04405000e-01
3.10271000e-01
3.17416000e-01
3.25950000e-01
3.36017000e-01
3.47790000e-01
3.61439000e-01
3.77073000e-01
3.77620000e-01
3.61716000e-01
3.47830000e-01
3.35842000e-01
3.25579000e-01
3.16871000e-01
3.09569000e-01
3.03566000e-01
2.98787000e-01
2.95193000e-01
2.92776000e-01
2.91547000e-01
2.91532000e-01
2.92731000e-01
2.95115000e-01
2.98680000e-01
3.03430000e-01
3.09407000e-01
3.16685000e-01
3.25377000e-01
3.35628000e-01
3.47612000e-01
3.61507000e-01
3.77425000e-01
3.77617000e-01
3.61713000e-01
3.47826000e-01
3.35838000e-01
3.25575000e-01
3.16867000e-01
3.09566000e-01
3.03563000e-01
2.98785000e-01
2.95189000e-01
2.92774000e-01
2.91544000e-01
2.91532000e-01
2.92730000e-01
2.95115000e-01
2.98679000e-01
3.03429000e-01
3.09406000e-01
3.16683000e-01
3.25374000e-01
3.35624000e-01
3.47610000e-01
3.61504000e-01
3.77423000e-01
3.77261000e-01
3.61640000e-01
3.47997000e-01
3.36221000e-01
3.26142000e-01
3.17591000e-01
3.10424000e-01
3.04534000e-01
2.99847000e-01
2.96322000e-01
2.93956000e-01
2.92759000e-01
2.92744000e-01
2.93912000e-01
2.96250000e-01
2.99743000e-01
3.04401000e-01
3.10265000e-01
3.17409000e-01
3.25942000e-01
3.36009000e-01
3.47781000e-01
3.61431000e-01
3.77066000e-01
3.76792000e-01
3.61679000e-01
3.48476000e-01
3.37084000e-01
3.27341000e-01
3.19081000e-01
3.12164000e-01
3.06484000e-01
3.01970000e-01
2.98580000e-01
2.96308000e-01
2.95159000e-01
2.95141000e-01
2.96262000e-01
2.98506000e-01
3.01866000e-01
3.06352000e-01
3.12006000e-01
3.18900000e-01
3.27142000e-01
3.36873000e-01
3.48260000e-01
3.61469000e-01
3.76596000e-01
3.76491000e-01
3.62039000e-01
3.49414000e-01
3.38535000e-01
3.29245000e-01
3.21380000e-01
3.14808000e-01
3.09421000e-01
3.05149000e-01
3.01949000e-01
2.99812000e-01
2.98733000e-01
2.98718000e-01
2.99767000e-01
3.01876000e-01
3.05046000e-01
3.09291000e-01
3.14651000e-01
3.21202000e-01
3.29047000e-01
3.38324000e-01
3.49199000e-01
3.61827000e-01
3.76293000e-01
3.76609000e-01
3.62910000e-01
3.50953000e-01
3.40674000e-01
3.31924000e-01
3.24539000e-01
3.18389000e-01
3.13369000e-01
3.09402000e-01
3.06444000e-01
3.04477000e-01
3.03490000e-01
3.03476000e-01
3.04435000e-01
3.06372000e-01
3.09300000e-01
3.13239000e-01
3.18235000e-01
3.24362000e-01
3.31726000e-01
3.40464000e-01
3.50738000e-01
3.62698000e-01
3.76408000e-01
3.77364000e-01
3.64463000e-01
3.53222000e-01
3.43602000e-01
3.35456000e-01
3.28621000e-01
3.22962000e-01
3.18370000e-01
3.14770000e-01
3.12106000e-01
3.10349000e-01
3.09472000e-01
3.09457000e-01
3.10303000e-01
3.12033000e-01
3.14668000e-01
3.18243000e-01
3.22808000e-01
3.28445000e-01
3.35260000e-01
3.43393000e-01
3.53007000e-01
3.64249000e-01
3.77161000e-01
3.78956000e-01
3.66852000e-01
3.56348000e-01
3.47427000e-01
3.39938000e-01
3.33711000e-01
3.28603000e-01
3.24502000e-01
3.21324000e-01
3.19006000e-01
3.17495000e-01
3.16752000e-01
3.16739000e-01
3.17452000e-01
3.18933000e-01
3.21225000e-01
3.24376000e-01
3.28452000e-01
3.33537000e-01
3.39745000e-01
3.47220000e-01
3.56134000e-01
3.66638000e-01
3.78751000e-01
3.81568000e-01
3.70229000e-01
3.60466000e-01
3.52274000e-01
3.45487000e-01
3.39920000e-01
3.35420000e-01
3.31868000e-01
3.29171000e-01
3.27249000e-01
3.26031000e-01
3.25446000e-01
3.25430000e-01
3.25988000e-01
3.27179000e-01
3.29074000e-01
3.31746000e-01
3.35272000e-01
3.39750000e-01
3.45299000e-01
3.52072000e-01
3.60254000e-01
3.70016000e-01
3.81361000e-01
3.85376000e-01
3.74748000e-01
3.65733000e-01
3.58304000e-01
3.52258000e-01
3.47392000e-01
3.43550000e-01
3.40604000e-01
3.38446000e-01
3.36977000e-01
3.36095000e-01
3.35694000e-01
3.35681000e-01
3.36055000e-01
3.36911000e-01
3.38355000e-01
3.40487000e-01
3.43409000e-01
3.47230000e-01
3.52076000e-01
3.58107000e-01
3.65526000e-01
3.74537000e-01
3.85170000e-01
3.90536000e-01
3.80584000e-01
3.72356000e-01
3.65719000e-01
3.60436000e-01
3.56300000e-01
3.53157000e-01
3.50870000e-01
3.49313000e-01
3.48357000e-01
3.47861000e-01
3.47674000e-01
3.47662000e-01
3.47826000e-01
3.48297000e-01
3.49229000e-01
3.50762000e-01
3.53025000e-01
3.56147000e-01
3.60262000e-01
3.65529000e-01
3.72154000e-01
3.80377000e-01
3.90332000e-01
3.97079000e-01
3.87944000e-01
3.80574000e-01
3.74724000e-01
3.70189000e-01
3.66795000e-01
3.64389000e-01
3.62820000e-01
3.61932000e-01
3.61556000e-01
3.61503000e-01
3.61562000e-01
3.61551000e-01
3.61471000e-01
3.61503000e-01
3.61857000e-01
3.62722000e-01
3.64269000e-01
3.66653000e-01
3.70026000e-01
3.74543000e-01
3.80380000e-01
3.87745000e-01
3.96879000e-01
4.05478000e-01
3.97073000e-01
3.90520000e-01
3.85347000e-01
3.81523000e-01
3.78895000e-01
3.77288000e-01
3.76518000e-01
3.76386000e-01
3.76674000e-01
3.77130000e-01
3.77475000e-01
3.77466000e-01
3.77104000e-01
3.76629000e-01
3.76321000e-01
3.76432000e-01
3.77181000e-01
3.78767000e-01
3.81374000e-01
3.85179000e-01
3.90337000e-01
3.96881000e-01
4.05279000e-01
)
