3168
(
2.21595000e-03
2.31208000e-03
2.38853000e-03
2.44455000e-03
2.48206000e-03
2.50377000e-03
2.51241000e-03
2.51095000e-03
2.50243000e-03
2.49011000e-03
2.47832000e-03
2.47073000e-03
2.47070000e-03
2.47838000e-03
2.48960000e-03
2.50142000e-03
2.50975000e-03
2.51080000e-03
2.50170000e-03
2.47950000e-03
2.44144000e-03
2.38486000e-03
2.30860000e-03
2.21289000e-03
1.90298000e-03
1.97425000e-03
2.03316000e-03
2.07739000e-03
2.10725000e-03
2.12501000e-03
2.13233000e-03
2.13182000e-03
2.12584000e-03
2.11705000e-03
2.10813000e-03
2.10225000e-03
2.10231000e-03
2.10788000e-03
2.11672000e-03
2.12532000e-03
2.13123000e-03
2.13136000e-03
2.12371000e-03
2.10563000e-03
2.07546000e-03
2.03105000e-03
1.97199000e-03
1.90088000e-03
1.63695000e-03
1.69632000e-03
1.74493000e-03
1.78128000e-03
1.80608000e-03
1.82081000e-03
1.82723000e-03
1.82709000e-03
1.82243000e-03
1.81529000e-03
1.80813000e-03
1.80340000e-03
1.80339000e-03
1.80798000e-03
1.81510000e-03
1.82211000e-03
1.82665000e-03
1.82662000e-03
1.82000000e-03
1.80507000e-03
1.78008000e-03
1.74355000e-03
1.69490000e-03
1.63558000e-03
1.40643000e-03
1.45767000e-03
1.49937000e-03
1.53049000e-03
1.55172000e-03
1.56442000e-03
1.57003000e-03
1.57008000e-03
1.56622000e-03
1.56028000e-03
1.55423000e-03
1.55026000e-03
1.55023000e-03
1.55415000e-03
1.56014000e-03
1.56603000e-03
1.56980000e-03
1.56963000e-03
1.56391000e-03
1.55109000e-03
1.52973000e-03
1.49852000e-03
1.45678000e-03
1.40559000e-03
1.20398000e-03
1.24873000e-03
1.28511000e-03
1.31221000e-03
1.33074000e-03
1.34184000e-03
1.34684000e-03
1.34694000e-03
1.34369000e-03
1.33859000e-03
1.33338000e-03
1.32996000e-03
1.32994000e-03
1.33336000e-03
1.33850000e-03
1.34359000e-03
1.34680000e-03
1.34656000e-03
1.34151000e-03
1.33032000e-03
1.31173000e-03
1.28456000e-03
1.24818000e-03
1.20343000e-03
1.02519000e-03
1.06438000e-03
1.09622000e-03
1.11997000e-03
1.13623000e-03
1.14600000e-03
1.15043000e-03
1.15060000e-03
1.14781000e-03
1.14338000e-03
1.13887000e-03
1.13588000e-03
1.13586000e-03
1.13884000e-03
1.14335000e-03
1.14772000e-03
1.15048000e-03
1.15024000e-03
1.14578000e-03
1.13595000e-03
1.11966000e-03
1.09588000e-03
1.06403000e-03
1.02483000e-03
8.67391000e-04
9.01641000e-04
9.29449000e-04
9.50215000e-04
9.64447000e-04
9.73045000e-04
9.76956000e-04
9.77180000e-04
9.74774000e-04
9.70911000e-04
9.66972000e-04
9.64371000e-04
9.64364000e-04
9.66946000e-04
9.70900000e-04
9.74692000e-04
9.77078000e-04
9.76841000e-04
9.72902000e-04
9.64296000e-04
9.50004000e-04
9.29224000e-04
9.01391000e-04
8.67167000e-04
7.28708000e-04
7.58421000e-04
7.82580000e-04
8.00671000e-04
8.13092000e-04
8.20615000e-04
8.24066000e-04
8.24273000e-04
8.22189000e-04
8.18858000e-04
8.15452000e-04
8.13184000e-04
8.13189000e-04
8.15430000e-04
8.18847000e-04
8.22142000e-04
8.24206000e-04
8.23971000e-04
8.20519000e-04
8.12985000e-04
8.00529000e-04
7.82427000e-04
7.58257000e-04
7.28547000e-04
6.07477000e-04
6.33078000e-04
6.53947000e-04
6.69603000e-04
6.80373000e-04
6.86907000e-04
6.89913000e-04
6.90106000e-04
6.88330000e-04
6.85457000e-04
6.82513000e-04
6.80563000e-04
6.80556000e-04
6.82494000e-04
6.85443000e-04
6.88295000e-04
6.90073000e-04
6.89844000e-04
6.86829000e-04
6.80279000e-04
6.69502000e-04
6.53845000e-04
6.32963000e-04
6.07377000e-04
5.02196000e-04
5.24083000e-04
5.41972000e-04
5.55412000e-04
5.64682000e-04
5.70330000e-04
5.72922000e-04
5.73108000e-04
5.71595000e-04
5.69131000e-04
5.66600000e-04
5.64926000e-04
5.64919000e-04
5.66584000e-04
5.69122000e-04
5.71565000e-04
5.73080000e-04
5.72879000e-04
5.70272000e-04
5.64619000e-04
5.55339000e-04
5.41893000e-04
5.24000000e-04
5.02121000e-04
4.11347000e-04
4.29910000e-04
4.45127000e-04
4.56589000e-04
4.64507000e-04
4.69336000e-04
4.71559000e-04
4.71734000e-04
4.70442000e-04
4.68352000e-04
4.66196000e-04
4.64773000e-04
4.64765000e-04
4.66185000e-04
4.68340000e-04
4.70425000e-04
4.71708000e-04
4.71526000e-04
4.69294000e-04
4.64460000e-04
4.56535000e-04
4.45068000e-04
4.29848000e-04
4.11292000e-04
3.33469000e-04
3.49082000e-04
3.61925000e-04
3.71620000e-04
3.78329000e-04
3.82420000e-04
3.84314000e-04
3.84466000e-04
3.83380000e-04
3.81615000e-04
3.79792000e-04
3.78589000e-04
3.78585000e-04
3.79784000e-04
3.81605000e-04
3.83367000e-04
3.84447000e-04
3.84289000e-04
3.82389000e-04
3.78292000e-04
3.71579000e-04
3.61882000e-04
3.49036000e-04
3.33427000e-04
2.67144000e-04
2.80162000e-04
2.90910000e-04
2.99039000e-04
3.04671000e-04
3.08111000e-04
3.09705000e-04
3.09839000e-04
3.08931000e-04
3.07452000e-04
3.05924000e-04
3.04917000e-04
3.04914000e-04
3.05919000e-04
3.07445000e-04
3.08921000e-04
3.09823000e-04
3.09686000e-04
3.08087000e-04
3.04643000e-04
2.99008000e-04
2.90877000e-04
2.80128000e-04
2.67112000e-04
2.11033000e-04
2.21786000e-04
2.30696000e-04
2.37448000e-04
2.42132000e-04
2.44995000e-04
2.46325000e-04
2.46438000e-04
2.45686000e-04
2.44459000e-04
2.43190000e-04
2.42354000e-04
2.42352000e-04
2.43186000e-04
2.44453000e-04
2.45679000e-04
2.46427000e-04
2.46310000e-04
2.44977000e-04
2.42110000e-04
2.37424000e-04
2.30672000e-04
2.21761000e-04
2.11008000e-04
1.63899000e-04
1.72688000e-04
1.79995000e-04
1.85543000e-04
1.89396000e-04
1.91753000e-04
1.92849000e-04
1.92945000e-04
1.92327000e-04
1.91320000e-04
1.90277000e-04
1.89591000e-04
1.89589000e-04
1.90274000e-04
1.91315000e-04
1.92322000e-04
1.92936000e-04
1.92838000e-04
1.91740000e-04
1.89378000e-04
1.85525000e-04
1.79977000e-04
1.72668000e-04
1.63880000e-04
1.24619000e-04
1.31713000e-04
1.37630000e-04
1.42130000e-04
1.45259000e-04
1.47175000e-04
1.48068000e-04
1.48147000e-04
1.47646000e-04
1.46828000e-04
1.45982000e-04
1.45425000e-04
1.45423000e-04
1.45980000e-04
1.46824000e-04
1.47642000e-04
1.48140000e-04
1.48059000e-04
1.47165000e-04
1.45246000e-04
1.42116000e-04
1.37617000e-04
1.31698000e-04
1.24605000e-04
9.21959000e-05
9.78319000e-05
1.02547000e-04
1.06140000e-04
1.08642000e-04
1.10175000e-04
1.10890000e-04
1.10954000e-04
1.10554000e-04
1.09900000e-04
1.09225000e-04
1.08779000e-04
1.08778000e-04
1.09223000e-04
1.09898000e-04
1.10551000e-04
1.10949000e-04
1.10884000e-04
1.10168000e-04
1.08632000e-04
1.06130000e-04
1.02538000e-04
9.78211000e-05
9.21855000e-05
6.49695000e-05
6.94720000e-05
7.32611000e-05
7.61603000e-05
7.81848000e-05
7.94281000e-05
8.00085000e-05
8.00606000e-05
7.97365000e-05
7.92063000e-05
7.86592000e-05
7.82982000e-05
7.82977000e-05
7.86579000e-05
7.92044000e-05
7.97339000e-05
8.00570000e-05
8.00035000e-05
7.94223000e-05
7.81774000e-05
7.61525000e-05
7.32535000e-05
6.94639000e-05
6.49615000e-05
4.33560000e-05
4.66923000e-05
4.95190000e-05
5.16915000e-05
5.32133000e-05
5.41500000e-05
5.45878000e-05
5.46275000e-05
5.43835000e-05
5.39842000e-05
5.35723000e-05
5.33008000e-05
5.33005000e-05
5.35715000e-05
5.39828000e-05
5.43816000e-05
5.46250000e-05
5.45843000e-05
5.41458000e-05
5.32082000e-05
5.16860000e-05
4.95136000e-05
4.66866000e-05
4.33503000e-05
2.69671000e-05
2.92889000e-05
3.12717000e-05
3.28041000e-05
3.38817000e-05
3.45467000e-05
3.48581000e-05
3.48865000e-05
3.47133000e-05
3.44297000e-05
3.41374000e-05
3.39448000e-05
3.39447000e-05
3.41368000e-05
3.44287000e-05
3.47120000e-05
3.48848000e-05
3.48558000e-05
3.45439000e-05
3.38783000e-05
3.28004000e-05
3.12681000e-05
2.92851000e-05
2.69634000e-05
1.50527000e-05
1.65525000e-05
1.78483000e-05
1.88582000e-05
1.95724000e-05
2.00149000e-05
2.02225000e-05
2.02416000e-05
2.01262000e-05
1.99374000e-05
1.97429000e-05
1.96150000e-05
1.96149000e-05
1.97426000e-05
1.99367000e-05
2.01253000e-05
2.02405000e-05
2.02211000e-05
2.00131000e-05
1.95703000e-05
1.88559000e-05
1.78460000e-05
1.65501000e-05
1.50504000e-05
6.46821000e-06
7.39316000e-06
8.20583000e-06
8.84658000e-06
9.30314000e-06
9.58725000e-06
9.72093000e-06
9.73328000e-06
9.65901000e-06
9.53761000e-06
9.41274000e-06
9.33068000e-06
9.33061000e-06
9.41252000e-06
9.53724000e-06
9.65849000e-06
9.73259000e-06
9.72004000e-06
9.58620000e-06
9.30184000e-06
8.84519000e-06
8.20444000e-06
7.39176000e-06
6.46689000e-06
1.82556000e-06
2.17325000e-06
2.49349000e-06
2.75529000e-06
2.94664000e-06
3.06769000e-06
3.12517000e-06
3.13051000e-06
3.09855000e-06
3.04651000e-06
2.99326000e-06
2.95842000e-06
2.95839000e-06
2.99317000e-06
3.04636000e-06
3.09834000e-06
3.13023000e-06
3.12481000e-06
3.06727000e-06
2.94612000e-06
2.75473000e-06
2.49295000e-06
2.17273000e-06
1.82509000e-06
2.96574000e-07
3.63056000e-07
4.26746000e-07
4.80527000e-07
5.20798000e-07
5.46689000e-07
5.59098000e-07
5.60257000e-07
5.53349000e-07
5.42147000e-07
5.30743000e-07
5.23316000e-07
5.23310000e-07
5.30724000e-07
5.42115000e-07
5.53305000e-07
5.60198000e-07
5.59021000e-07
5.46600000e-07
5.20689000e-07
4.80414000e-07
4.26638000e-07
3.62956000e-07
2.96489000e-07
2.50930000e-08
3.10336000e-08
3.68158000e-08
4.17655000e-08
4.55107000e-08
4.79359000e-08
4.91031000e-08
4.92123000e-08
4.85623000e-08
4.75099000e-08
4.64411000e-08
4.57465000e-08
4.57459000e-08
4.64394000e-08
4.75070000e-08
4.85582000e-08
4.92069000e-08
4.90960000e-08
4.79277000e-08
4.55007000e-08
4.17551000e-08
3.68061000e-08
3.10247000e-08
2.50855000e-08
9.69156000e-10
1.19052000e-09
1.40521000e-09
1.58859000e-09
1.72719000e-09
1.81689000e-09
1.86004000e-09
1.86408000e-09
1.84005000e-09
1.80115000e-09
1.76162000e-09
1.73593000e-09
1.73591000e-09
1.76156000e-09
1.80104000e-09
1.83991000e-09
1.86389000e-09
1.85978000e-09
1.81659000e-09
1.72683000e-09
1.58822000e-09
1.40485000e-09
1.19020000e-09
9.68881000e-10
2.21239000e-10
2.61637000e-10
2.99298000e-10
3.30520000e-10
3.53617000e-10
3.68361000e-10
3.75400000e-10
3.76059000e-10
3.72149000e-10
3.65793000e-10
3.59307000e-10
3.55076000e-10
3.55072000e-10
3.59297000e-10
3.65777000e-10
3.72127000e-10
3.76031000e-10
3.75363000e-10
3.68316000e-10
3.53563000e-10
3.30462000e-10
2.99242000e-10
2.61584000e-10
2.21192000e-10
2.21604000e-03
1.90297000e-03
1.63689000e-03
1.40641000e-03
1.20396000e-03
1.02518000e-03
8.67394000e-04
7.28704000e-04
6.07482000e-04
5.02197000e-04
4.11351000e-04
3.33472000e-04
2.67146000e-04
2.11034000e-04
1.63900000e-04
1.24620000e-04
9.21964000e-05
6.49698000e-05
4.33561000e-05
2.69673000e-05
1.50528000e-05
6.46826000e-06
1.82557000e-06
2.96577000e-07
2.50933000e-08
9.69166000e-10
2.21240000e-10
2.31181000e-03
1.97411000e-03
1.69627000e-03
1.45765000e-03
1.24876000e-03
1.06442000e-03
9.01654000e-04
7.58423000e-04
6.33093000e-04
5.24088000e-04
4.29916000e-04
3.49086000e-04
2.80165000e-04
2.21789000e-04
1.72690000e-04
1.31714000e-04
9.78327000e-05
6.94726000e-05
4.66927000e-05
2.92892000e-05
1.65526000e-05
7.39324000e-06
2.17328000e-06
3.63062000e-07
3.10341000e-08
1.19054000e-09
2.61641000e-10
2.38822000e-03
2.03306000e-03
1.74489000e-03
1.49937000e-03
1.28511000e-03
1.09624000e-03
9.29457000e-04
7.82611000e-04
6.53961000e-04
5.41980000e-04
4.45136000e-04
3.61932000e-04
2.90914000e-04
2.30700000e-04
1.79998000e-04
1.37632000e-04
1.02549000e-04
7.32623000e-05
4.95198000e-05
3.12722000e-05
1.78486000e-05
8.20599000e-06
2.49355000e-06
4.26758000e-07
3.68169000e-08
1.40524000e-09
2.99303000e-10
2.44445000e-03
2.07736000e-03
1.78131000e-03
1.53054000e-03
1.31225000e-03
1.12001000e-03
9.50261000e-04
8.00707000e-04
6.69616000e-04
5.55428000e-04
4.56601000e-04
3.71629000e-04
2.99044000e-04
2.37452000e-04
1.85546000e-04
1.42132000e-04
1.06142000e-04
7.61615000e-05
5.16924000e-05
3.28047000e-05
1.88586000e-05
8.84680000e-06
2.75537000e-06
4.80544000e-07
4.17670000e-08
1.58865000e-09
3.30527000e-10
2.48245000e-03
2.10750000e-03
1.80618000e-03
1.55181000e-03
1.33082000e-03
1.13627000e-03
9.64495000e-04
8.13127000e-04
6.80392000e-04
5.64703000e-04
4.64522000e-04
3.78338000e-04
3.04679000e-04
2.42137000e-04
1.89399000e-04
1.45261000e-04
1.08643000e-04
7.81858000e-05
5.32141000e-05
3.38822000e-05
1.95728000e-05
9.30335000e-06
2.94673000e-06
5.20817000e-07
4.55125000e-08
1.72726000e-09
3.53627000e-10
2.50438000e-03
2.12517000e-03
1.82098000e-03
1.56455000e-03
1.34195000e-03
1.14609000e-03
9.73131000e-04
8.20658000e-04
6.86936000e-04
5.70348000e-04
4.69351000e-04
3.82433000e-04
3.08121000e-04
2.45002000e-04
1.91759000e-04
1.47179000e-04
1.10178000e-04
7.94300000e-05
5.41514000e-05
3.45477000e-05
2.00155000e-05
9.58761000e-06
3.06785000e-06
5.46721000e-07
4.79389000e-08
1.81699000e-09
3.68376000e-10
2.51292000e-03
2.13285000e-03
1.82747000e-03
1.57020000e-03
1.34694000e-03
1.15052000e-03
9.77053000e-04
8.24124000e-04
6.89951000e-04
5.72947000e-04
4.71580000e-04
3.84330000e-04
3.09718000e-04
2.46334000e-04
1.92856000e-04
1.48073000e-04
1.10894000e-04
8.00112000e-05
5.45898000e-05
3.48595000e-05
2.02234000e-05
9.72143000e-06
3.12538000e-06
5.59140000e-07
4.91070000e-08
1.86018000e-09
3.75420000e-10
2.51180000e-03
2.13231000e-03
1.82740000e-03
1.57029000e-03
1.34711000e-03
1.15071000e-03
9.77253000e-04
8.24337000e-04
6.90152000e-04
5.73140000e-04
4.71755000e-04
3.84483000e-04
3.09851000e-04
2.46448000e-04
1.92952000e-04
1.48151000e-04
1.10958000e-04
8.00635000e-05
5.46296000e-05
3.48880000e-05
2.02425000e-05
9.73381000e-06
3.13073000e-06
5.60303000e-07
4.92166000e-08
1.86424000e-09
3.76082000e-10
2.50317000e-03
2.12645000e-03
1.82272000e-03
1.56646000e-03
1.34386000e-03
1.14793000e-03
9.74863000e-04
8.22263000e-04
6.88377000e-04
5.71618000e-04
4.70464000e-04
3.83397000e-04
3.08943000e-04
2.45696000e-04
1.92335000e-04
1.47652000e-04
1.10559000e-04
7.97396000e-05
5.43857000e-05
3.47147000e-05
2.01271000e-05
9.65953000e-06
3.09877000e-06
5.53395000e-07
4.85665000e-08
1.84021000e-09
3.72171000e-10
2.49147000e-03
2.11754000e-03
1.81564000e-03
1.56051000e-03
1.33877000e-03
1.14353000e-03
9.71007000e-04
8.18926000e-04
6.85511000e-04
5.69163000e-04
4.68377000e-04
3.81632000e-04
3.07464000e-04
2.44468000e-04
1.91326000e-04
1.46832000e-04
1.09904000e-04
7.92093000e-05
5.39863000e-05
3.44311000e-05
1.99382000e-05
9.53815000e-06
3.04673000e-06
5.42193000e-07
4.75142000e-08
1.80130000e-09
3.65816000e-10
2.47940000e-03
2.10854000e-03
1.80845000e-03
1.55448000e-03
1.33358000e-03
1.13898000e-03
9.67057000e-04
8.15496000e-04
6.82549000e-04
5.66632000e-04
4.66216000e-04
3.79809000e-04
3.05938000e-04
2.43201000e-04
1.90286000e-04
1.45989000e-04
1.09230000e-04
7.86629000e-05
5.35750000e-05
3.41391000e-05
1.97440000e-05
9.41339000e-06
2.99352000e-06
5.30797000e-07
4.64461000e-08
1.76180000e-09
3.59333000e-10
2.47189000e-03
2.10278000e-03
1.80378000e-03
1.55052000e-03
1.33017000e-03
1.13601000e-03
9.64469000e-04
8.13254000e-04
6.80616000e-04
5.64967000e-04
4.64798000e-04
3.78609000e-04
3.04933000e-04
2.42366000e-04
1.89599000e-04
1.45431000e-04
1.08784000e-04
7.83024000e-05
5.33038000e-05
3.39468000e-05
1.96162000e-05
9.33141000e-06
2.95871000e-06
5.23376000e-07
4.57521000e-08
1.73613000e-09
3.55105000e-10
2.47221000e-03
2.10280000e-03
1.80381000e-03
1.55052000e-03
1.33015000e-03
1.13601000e-03
9.64473000e-04
8.13263000e-04
6.80603000e-04
5.64960000e-04
4.64798000e-04
3.78609000e-04
3.04931000e-04
2.42365000e-04
1.89599000e-04
1.45431000e-04
1.08784000e-04
7.83018000e-05
5.33034000e-05
3.39466000e-05
1.96161000e-05
9.33134000e-06
2.95869000e-06
5.23373000e-07
4.57517000e-08
1.73612000e-09
3.55104000e-10
2.47967000e-03
2.10864000e-03
1.80846000e-03
1.55447000e-03
1.33356000e-03
1.13899000e-03
9.67064000e-04
8.15513000e-04
6.82548000e-04
5.66629000e-04
4.66217000e-04
3.79809000e-04
3.05938000e-04
2.43200000e-04
1.90285000e-04
1.45988000e-04
1.09229000e-04
7.86621000e-05
5.35744000e-05
3.41388000e-05
1.97438000e-05
9.41328000e-06
2.99348000e-06
5.30790000e-07
4.64455000e-08
1.76178000e-09
3.59331000e-10
2.49122000e-03
2.11733000e-03
1.81558000e-03
1.56049000e-03
1.33876000e-03
1.14350000e-03
9.70997000e-04
8.18917000e-04
6.85500000e-04
5.69160000e-04
4.68373000e-04
3.81631000e-04
3.07465000e-04
2.44468000e-04
1.91326000e-04
1.46833000e-04
1.09904000e-04
7.92093000e-05
5.39862000e-05
3.44310000e-05
1.99382000e-05
9.53811000e-06
3.04672000e-06
5.42191000e-07
4.75140000e-08
1.80129000e-09
3.65815000e-10
2.50276000e-03
2.12613000e-03
1.82266000e-03
1.56640000e-03
1.34383000e-03
1.14790000e-03
9.74821000e-04
8.22239000e-04
6.88368000e-04
5.71615000e-04
4.70458000e-04
3.83393000e-04
3.08939000e-04
2.45693000e-04
1.92332000e-04
1.47649000e-04
1.10557000e-04
7.97386000e-05
5.43850000e-05
3.47142000e-05
2.01268000e-05
9.65939000e-06
3.09871000e-06
5.53382000e-07
4.85654000e-08
1.84017000e-09
3.72165000e-10
2.51133000e-03
2.13211000e-03
1.82721000e-03
1.57020000e-03
1.34705000e-03
1.15067000e-03
9.77214000e-04
8.24300000e-04
6.90127000e-04
5.73123000e-04
4.71742000e-04
3.84474000e-04
3.09845000e-04
2.46443000e-04
1.92949000e-04
1.48149000e-04
1.10956000e-04
8.00622000e-05
5.46286000e-05
3.48872000e-05
2.02420000e-05
9.73354000e-06
3.13062000e-06
5.60280000e-07
4.92145000e-08
1.86416000e-09
3.76072000e-10
2.51246000e-03
2.13230000e-03
1.82723000e-03
1.57006000e-03
1.34686000e-03
1.15045000e-03
9.76984000e-04
8.24076000e-04
6.89919000e-04
5.72932000e-04
4.71567000e-04
3.84319000e-04
3.09709000e-04
2.46327000e-04
1.92851000e-04
1.48069000e-04
1.10891000e-04
8.00091000e-05
5.45883000e-05
3.48584000e-05
2.02227000e-05
9.72107000e-06
3.12523000e-06
5.59110000e-07
4.91042000e-08
1.86008000e-09
3.75406000e-10
2.50345000e-03
2.12469000e-03
1.82065000e-03
1.56434000e-03
1.34182000e-03
1.14599000e-03
9.73051000e-04
8.20614000e-04
6.86905000e-04
5.70322000e-04
4.69332000e-04
3.82420000e-04
3.08110000e-04
2.44995000e-04
1.91753000e-04
1.47174000e-04
1.10175000e-04
7.94274000e-05
5.41496000e-05
3.45465000e-05
2.00148000e-05
9.58721000e-06
3.06768000e-06
5.46686000e-07
4.79356000e-08
1.81688000e-09
3.68358000e-10
2.48123000e-03
2.10663000e-03
1.80571000e-03
1.55155000e-03
1.33063000e-03
1.13616000e-03
9.64415000e-04
8.13073000e-04
6.80360000e-04
5.64685000e-04
4.64508000e-04
3.78326000e-04
3.04668000e-04
2.42129000e-04
1.89393000e-04
1.45257000e-04
1.08641000e-04
7.81833000e-05
5.32123000e-05
3.38810000e-05
1.95720000e-05
9.30291000e-06
2.94655000e-06
5.20779000e-07
4.55089000e-08
1.72713000e-09
3.53608000e-10
2.44303000e-03
2.07646000e-03
1.78076000e-03
1.53019000e-03
1.31204000e-03
1.11988000e-03
9.50173000e-04
8.00640000e-04
6.69585000e-04
5.55405000e-04
4.56582000e-04
3.71613000e-04
2.99033000e-04
2.37443000e-04
1.85539000e-04
1.42128000e-04
1.06139000e-04
7.61586000e-05
5.16903000e-05
3.28033000e-05
1.88577000e-05
8.84626000e-06
2.75516000e-06
4.80500000e-07
4.17630000e-08
1.58850000e-09
3.30505000e-10
2.38683000e-03
2.03199000e-03
1.74423000e-03
1.49897000e-03
1.28488000e-03
1.09611000e-03
9.29363000e-04
7.82542000e-04
6.53927000e-04
5.41951000e-04
4.45115000e-04
3.61914000e-04
2.90901000e-04
2.30690000e-04
1.79990000e-04
1.37626000e-04
1.02545000e-04
7.32588000e-05
4.95173000e-05
3.12705000e-05
1.78475000e-05
8.20540000e-06
2.49332000e-06
4.26712000e-07
3.68128000e-08
1.40510000e-09
2.99281000e-10
2.31018000e-03
1.97300000e-03
1.69558000e-03
1.45723000e-03
1.24849000e-03
1.06423000e-03
9.01528000e-04
7.58349000e-04
6.33038000e-04
5.24053000e-04
4.29890000e-04
3.49068000e-04
2.80151000e-04
2.21778000e-04
1.72682000e-04
1.31708000e-04
9.78278000e-05
6.94692000e-05
4.66903000e-05
2.92876000e-05
1.65516000e-05
7.39267000e-06
2.17307000e-06
3.63022000e-07
3.10305000e-08
1.19041000e-09
2.61619000e-10
2.21458000e-03
1.90190000e-03
1.63623000e-03
1.40600000e-03
1.20372000e-03
1.02502000e-03
8.67302000e-04
7.28644000e-04
6.07443000e-04
5.02172000e-04
4.11330000e-04
3.33455000e-04
2.67133000e-04
2.11024000e-04
1.63892000e-04
1.24614000e-04
9.21920000e-05
6.49666000e-05
4.33539000e-05
2.69658000e-05
1.50519000e-05
6.46773000e-06
1.82539000e-06
2.96543000e-07
2.50903000e-08
9.69057000e-10
2.21222000e-10
2.21293000e-03
1.90090000e-03
1.63559000e-03
1.40559000e-03
1.20344000e-03
1.02484000e-03
8.67176000e-04
7.28565000e-04
6.07382000e-04
5.02121000e-04
4.11292000e-04
3.33428000e-04
2.67112000e-04
2.11009000e-04
1.63881000e-04
1.24606000e-04
9.21859000e-05
6.49619000e-05
4.33505000e-05
2.69635000e-05
1.50505000e-05
6.46693000e-06
1.82510000e-06
2.96491000e-07
2.50857000e-08
9.68889000e-10
2.21193000e-10
2.30845000e-03
1.97201000e-03
1.69491000e-03
1.45681000e-03
1.24820000e-03
1.06404000e-03
9.01399000e-04
7.58261000e-04
6.32977000e-04
5.24006000e-04
4.29853000e-04
3.49039000e-04
2.80129000e-04
2.21762000e-04
1.72670000e-04
1.31699000e-04
9.78215000e-05
6.94642000e-05
4.66867000e-05
2.92853000e-05
1.65502000e-05
7.39179000e-06
2.17275000e-06
3.62960000e-07
3.10250000e-08
1.19021000e-09
2.61587000e-10
2.38504000e-03
2.03096000e-03
1.74356000e-03
1.49854000e-03
1.28458000e-03
1.09588000e-03
9.29218000e-04
7.82437000e-04
6.53843000e-04
5.41896000e-04
4.45069000e-04
3.61881000e-04
2.90876000e-04
2.30671000e-04
1.79976000e-04
1.37616000e-04
1.02537000e-04
7.32531000e-05
4.95133000e-05
3.12679000e-05
1.78459000e-05
8.20442000e-06
2.49295000e-06
4.26638000e-07
3.68061000e-08
1.40485000e-09
2.99243000e-10
2.44124000e-03
2.07524000e-03
1.78003000e-03
1.52971000e-03
1.31172000e-03
1.11967000e-03
9.50002000e-04
8.00524000e-04
6.69497000e-04
5.55344000e-04
4.56536000e-04
3.71577000e-04
2.99006000e-04
2.37423000e-04
1.85523000e-04
1.42115000e-04
1.06130000e-04
7.61523000e-05
5.16860000e-05
3.28004000e-05
1.88558000e-05
8.84518000e-06
2.75474000e-06
4.80415000e-07
4.17553000e-08
1.58822000e-09
3.30464000e-10
2.47890000e-03
2.10547000e-03
1.80492000e-03
1.55102000e-03
1.33029000e-03
1.13595000e-03
9.64249000e-04
8.12952000e-04
6.80272000e-04
5.64608000e-04
4.64451000e-04
3.78284000e-04
3.04637000e-04
2.42105000e-04
1.89375000e-04
1.45243000e-04
1.08631000e-04
7.81761000e-05
5.32073000e-05
3.38777000e-05
1.95700000e-05
9.30169000e-06
2.94607000e-06
5.20680000e-07
4.54999000e-08
1.72680000e-09
3.53561000e-10
2.50055000e-03
2.12317000e-03
1.81982000e-03
1.56380000e-03
1.34146000e-03
1.14574000e-03
9.72883000e-04
8.20479000e-04
6.86805000e-04
5.70249000e-04
4.69278000e-04
3.82378000e-04
3.08078000e-04
2.44970000e-04
1.91734000e-04
1.47161000e-04
1.10165000e-04
7.94201000e-05
5.41444000e-05
3.45431000e-05
2.00126000e-05
9.58592000e-06
3.06716000e-06
5.46580000e-07
4.79259000e-08
1.81653000e-09
3.68310000e-10
2.50979000e-03
2.13080000e-03
1.82631000e-03
1.56949000e-03
1.34648000e-03
1.15020000e-03
9.76818000e-04
8.23945000e-04
6.89810000e-04
5.72848000e-04
4.71506000e-04
3.84273000e-04
3.09675000e-04
2.46301000e-04
1.92832000e-04
1.48054000e-04
1.10881000e-04
8.00012000e-05
5.45828000e-05
3.48548000e-05
2.02205000e-05
9.71973000e-06
3.12469000e-06
5.58999000e-07
4.90939000e-08
1.85971000e-09
3.75355000e-10
2.50854000e-03
2.13057000e-03
1.82632000e-03
1.56961000e-03
1.34667000e-03
1.15041000e-03
9.77025000e-04
8.24155000e-04
6.90029000e-04
5.73051000e-04
4.71684000e-04
3.84430000e-04
3.09811000e-04
2.46418000e-04
1.92929000e-04
1.48135000e-04
1.10946000e-04
8.00545000e-05
5.46233000e-05
3.48838000e-05
2.02399000e-05
9.73226000e-06
3.13011000e-06
5.60173000e-07
4.92047000e-08
1.86381000e-09
3.76022000e-10
2.50029000e-03
2.12456000e-03
1.82168000e-03
1.56580000e-03
1.34345000e-03
1.14765000e-03
9.74624000e-04
8.22092000e-04
6.88257000e-04
5.71540000e-04
4.70404000e-04
3.83348000e-04
3.08906000e-04
2.45668000e-04
1.92314000e-04
1.47636000e-04
1.10547000e-04
7.97311000e-05
5.43798000e-05
3.47108000e-05
2.01246000e-05
9.65808000e-06
3.09819000e-06
5.53274000e-07
4.85554000e-08
1.83981000e-09
3.72116000e-10
2.48842000e-03
2.11581000e-03
1.81466000e-03
1.55988000e-03
1.33835000e-03
1.14322000e-03
9.70801000e-04
8.18775000e-04
6.85395000e-04
5.69083000e-04
4.68314000e-04
3.81586000e-04
3.07430000e-04
2.44442000e-04
1.91306000e-04
1.46818000e-04
1.09893000e-04
7.92012000e-05
5.39807000e-05
3.44274000e-05
1.99360000e-05
9.53680000e-06
3.04619000e-06
5.42082000e-07
4.75040000e-08
1.80094000e-09
3.65765000e-10
2.47651000e-03
2.10713000e-03
1.80753000e-03
1.55386000e-03
1.33316000e-03
1.13873000e-03
9.66885000e-04
8.15357000e-04
6.82442000e-04
5.66547000e-04
4.66156000e-04
3.79763000e-04
3.05903000e-04
2.43174000e-04
1.90265000e-04
1.45973000e-04
1.09218000e-04
7.86541000e-05
5.35689000e-05
3.41352000e-05
1.97416000e-05
9.41195000e-06
2.99295000e-06
5.30682000e-07
4.64356000e-08
1.76142000e-09
3.59281000e-10
2.46906000e-03
2.10140000e-03
1.80287000e-03
1.54993000e-03
1.32975000e-03
1.13573000e-03
9.64275000e-04
8.13109000e-04
6.80503000e-04
5.64880000e-04
4.64736000e-04
3.78561000e-04
3.04895000e-04
2.42338000e-04
1.89578000e-04
1.45416000e-04
1.08773000e-04
7.82937000e-05
5.32978000e-05
3.39429000e-05
1.96138000e-05
9.32998000e-06
2.95815000e-06
5.23263000e-07
4.57417000e-08
1.73576000e-09
3.55054000e-10
2.46930000e-03
2.10129000e-03
1.80289000e-03
1.54993000e-03
1.32975000e-03
1.13573000e-03
9.64265000e-04
8.13098000e-04
6.80489000e-04
5.64871000e-04
4.64730000e-04
3.78559000e-04
3.04893000e-04
2.42337000e-04
1.89577000e-04
1.45415000e-04
1.08772000e-04
7.82934000e-05
5.32975000e-05
3.39428000e-05
1.96137000e-05
9.32996000e-06
2.95814000e-06
5.23261000e-07
4.57415000e-08
1.73575000e-09
3.55052000e-10
2.47641000e-03
2.10710000e-03
1.80750000e-03
1.55387000e-03
1.33315000e-03
1.13869000e-03
9.66853000e-04
8.15357000e-04
6.82432000e-04
5.66543000e-04
4.66148000e-04
3.79757000e-04
3.05898000e-04
2.43171000e-04
1.90263000e-04
1.45971000e-04
1.09217000e-04
7.86533000e-05
5.35684000e-05
3.41348000e-05
1.97414000e-05
9.41184000e-06
2.99291000e-06
5.30673000e-07
4.64348000e-08
1.76140000e-09
3.59277000e-10
2.48798000e-03
2.11585000e-03
1.81462000e-03
1.55987000e-03
1.33834000e-03
1.14322000e-03
9.70795000e-04
8.18770000e-04
6.85395000e-04
5.69074000e-04
4.68305000e-04
3.81579000e-04
3.07424000e-04
2.44437000e-04
1.91303000e-04
1.46816000e-04
1.09892000e-04
7.92000000e-05
5.39799000e-05
3.44270000e-05
1.99357000e-05
9.53663000e-06
3.04613000e-06
5.42069000e-07
4.75028000e-08
1.80089000e-09
3.65759000e-10
2.50001000e-03
2.12459000e-03
1.82161000e-03
1.56576000e-03
1.34341000e-03
1.14761000e-03
9.74627000e-04
8.22094000e-04
6.88263000e-04
5.71533000e-04
4.70396000e-04
3.83344000e-04
3.08902000e-04
2.45664000e-04
1.92311000e-04
1.47634000e-04
1.10545000e-04
7.97298000e-05
5.43789000e-05
3.47103000e-05
2.01243000e-05
9.65791000e-06
3.09812000e-06
5.53260000e-07
4.85541000e-08
1.83976000e-09
3.72110000e-10
2.50804000e-03
2.13034000e-03
1.82618000e-03
1.56952000e-03
1.34661000e-03
1.15037000e-03
9.77008000e-04
8.24165000e-04
6.90026000e-04
5.73045000e-04
4.71681000e-04
3.84427000e-04
3.09808000e-04
2.46415000e-04
1.92927000e-04
1.48133000e-04
1.10944000e-04
8.00532000e-05
5.46224000e-05
3.48832000e-05
2.02396000e-05
9.73208000e-06
3.13003000e-06
5.60158000e-07
4.92032000e-08
1.86376000e-09
3.76015000e-10
2.50886000e-03
2.13047000e-03
1.82612000e-03
1.56935000e-03
1.34639000e-03
1.15012000e-03
9.76763000e-04
8.23925000e-04
6.89808000e-04
5.72837000e-04
4.71498000e-04
3.84268000e-04
3.09670000e-04
2.46298000e-04
1.92829000e-04
1.48052000e-04
1.10878000e-04
8.00000000e-05
5.45820000e-05
3.48543000e-05
2.02202000e-05
9.71955000e-06
3.12462000e-06
5.58982000e-07
4.90924000e-08
1.85966000e-09
3.75348000e-10
2.50017000e-03
2.12284000e-03
1.81952000e-03
1.56363000e-03
1.34137000e-03
1.14567000e-03
9.72820000e-04
8.20449000e-04
6.86783000e-04
5.70234000e-04
4.69261000e-04
3.82366000e-04
3.08069000e-04
2.44964000e-04
1.91729000e-04
1.47158000e-04
1.10162000e-04
7.94183000e-05
5.41432000e-05
3.45422000e-05
2.00121000e-05
9.58561000e-06
3.06704000e-06
5.46554000e-07
4.79235000e-08
1.81644000e-09
3.68298000e-10
2.47786000e-03
2.10480000e-03
1.80453000e-03
1.55079000e-03
1.33015000e-03
1.13585000e-03
9.64199000e-04
8.12916000e-04
6.80245000e-04
5.64591000e-04
4.64436000e-04
3.78271000e-04
3.04626000e-04
2.42097000e-04
1.89370000e-04
1.45239000e-04
1.08627000e-04
7.81738000e-05
5.32057000e-05
3.38767000e-05
1.95693000e-05
9.30128000e-06
2.94590000e-06
5.20647000e-07
4.54968000e-08
1.72669000e-09
3.53546000e-10
2.43958000e-03
2.07443000e-03
1.77956000e-03
1.52943000e-03
1.31155000e-03
1.11955000e-03
9.49933000e-04
8.00476000e-04
6.69458000e-04
5.55310000e-04
4.56511000e-04
3.71561000e-04
2.98994000e-04
2.37413000e-04
1.85516000e-04
1.42111000e-04
1.06126000e-04
7.61495000e-05
5.16839000e-05
3.27990000e-05
1.88550000e-05
8.84466000e-06
2.75453000e-06
4.80375000e-07
4.17516000e-08
1.58809000e-09
3.30445000e-10
2.38350000e-03
2.03011000e-03
1.74300000e-03
1.49819000e-03
1.28436000e-03
1.09575000e-03
9.29129000e-04
7.82385000e-04
6.53805000e-04
5.41860000e-04
4.45046000e-04
3.61863000e-04
2.90863000e-04
2.30660000e-04
1.79968000e-04
1.37609000e-04
1.02532000e-04
7.32497000e-05
4.95110000e-05
3.12664000e-05
1.78449000e-05
8.20385000e-06
2.49273000e-06
4.26596000e-07
3.68023000e-08
1.40472000e-09
2.99223000e-10
2.30702000e-03
1.97102000e-03
1.69433000e-03
1.45642000e-03
1.24795000e-03
1.06388000e-03
9.01288000e-04
7.58181000e-04
6.32916000e-04
5.23964000e-04
4.29824000e-04
3.49017000e-04
2.80113000e-04
2.21749000e-04
1.72660000e-04
1.31692000e-04
9.78160000e-05
6.94600000e-05
4.66839000e-05
2.92834000e-05
1.65490000e-05
7.39114000e-06
2.17251000e-06
3.62915000e-07
3.10210000e-08
1.19006000e-09
2.61565000e-10
2.21141000e-03
1.89992000e-03
1.63497000e-03
1.40521000e-03
1.20321000e-03
1.02471000e-03
8.67076000e-04
7.28485000e-04
6.07332000e-04
5.02084000e-04
4.11267000e-04
3.33408000e-04
2.67097000e-04
2.10997000e-04
1.63872000e-04
1.24599000e-04
9.21807000e-05
6.49582000e-05
4.33480000e-05
2.69619000e-05
1.50495000e-05
6.46638000e-06
1.82491000e-06
2.96456000e-07
2.50826000e-08
9.68776000e-10
2.21175000e-10
2.21466000e-03
1.90204000e-03
1.63633000e-03
1.40607000e-03
1.20374000e-03
1.02504000e-03
8.67297000e-04
7.28641000e-04
6.07443000e-04
5.02169000e-04
4.11328000e-04
3.33454000e-04
2.67132000e-04
2.11024000e-04
1.63892000e-04
1.24614000e-04
9.21918000e-05
6.49666000e-05
4.33539000e-05
2.69657000e-05
1.50518000e-05
6.46772000e-06
1.82538000e-06
2.96543000e-07
2.50903000e-08
9.69056000e-10
2.21222000e-10
2.31062000e-03
1.97341000e-03
1.69576000e-03
1.45734000e-03
1.24853000e-03
1.06428000e-03
9.01552000e-04
7.58350000e-04
6.33038000e-04
5.24052000e-04
4.29889000e-04
3.49067000e-04
2.80151000e-04
2.21778000e-04
1.72681000e-04
1.31708000e-04
9.78278000e-05
6.94691000e-05
4.66902000e-05
2.92875000e-05
1.65516000e-05
7.39264000e-06
2.17306000e-06
3.63020000e-07
3.10304000e-08
1.19041000e-09
2.61620000e-10
2.38661000e-03
2.03227000e-03
1.74441000e-03
1.49907000e-03
1.28492000e-03
1.09611000e-03
9.29372000e-04
7.82535000e-04
6.53916000e-04
5.41951000e-04
4.45111000e-04
3.61913000e-04
2.90900000e-04
2.30688000e-04
1.79990000e-04
1.37626000e-04
1.02544000e-04
7.32585000e-05
4.95172000e-05
3.12704000e-05
1.78475000e-05
8.20535000e-06
2.49331000e-06
4.26710000e-07
3.68126000e-08
1.40509000e-09
2.99281000e-10
2.44257000e-03
2.07655000e-03
1.78080000e-03
1.53023000e-03
1.31205000e-03
1.11988000e-03
9.50160000e-04
8.00623000e-04
6.69569000e-04
5.55388000e-04
4.56571000e-04
3.71604000e-04
2.99026000e-04
2.37438000e-04
1.85535000e-04
1.42124000e-04
1.06136000e-04
7.61569000e-05
5.16892000e-05
3.28026000e-05
1.88573000e-05
8.84603000e-06
2.75508000e-06
4.80485000e-07
4.17616000e-08
1.58846000e-09
3.30501000e-10
2.48024000e-03
2.10656000e-03
1.80566000e-03
1.55149000e-03
1.33061000e-03
1.13614000e-03
9.64385000e-04
8.13052000e-04
6.80326000e-04
5.64652000e-04
4.64483000e-04
3.78309000e-04
3.04656000e-04
2.42120000e-04
1.89387000e-04
1.45252000e-04
1.08637000e-04
7.81810000e-05
5.32108000e-05
3.38800000e-05
1.95715000e-05
9.30257000e-06
2.94642000e-06
5.20753000e-07
4.55066000e-08
1.72704000e-09
3.53597000e-10
2.50190000e-03
2.12425000e-03
1.82041000e-03
1.56420000e-03
1.34174000e-03
1.14592000e-03
9.72989000e-04
8.20567000e-04
6.86864000e-04
5.70291000e-04
4.69308000e-04
3.82401000e-04
3.08096000e-04
2.44984000e-04
1.91745000e-04
1.47169000e-04
1.10171000e-04
7.94243000e-05
5.41473000e-05
3.45450000e-05
2.00139000e-05
9.58668000e-06
3.06747000e-06
5.46644000e-07
4.79319000e-08
1.81674000e-09
3.68342000e-10
2.51090000e-03
2.13166000e-03
1.82688000e-03
1.56983000e-03
1.34670000e-03
1.15034000e-03
9.76901000e-04
8.24010000e-04
6.89881000e-04
5.72898000e-04
4.71539000e-04
3.84298000e-04
3.09694000e-04
2.46317000e-04
1.92843000e-04
1.48063000e-04
1.10887000e-04
8.00057000e-05
5.45859000e-05
3.48569000e-05
2.02218000e-05
9.72048000e-06
3.12500000e-06
5.59062000e-07
4.90998000e-08
1.85993000e-09
3.75386000e-10
2.50930000e-03
2.13131000e-03
1.82675000e-03
1.56989000e-03
1.34684000e-03
1.15052000e-03
9.77111000e-04
8.24220000e-04
6.90079000e-04
5.73090000e-04
4.71714000e-04
3.84452000e-04
3.09828000e-04
2.46430000e-04
1.92938000e-04
1.48141000e-04
1.10950000e-04
8.00580000e-05
5.46258000e-05
3.48854000e-05
2.02409000e-05
9.73287000e-06
3.13036000e-06
5.60225000e-07
4.92094000e-08
1.86398000e-09
3.76047000e-10
2.50081000e-03
2.12521000e-03
1.82210000e-03
1.56603000e-03
1.34357000e-03
1.14773000e-03
9.74715000e-04
8.22150000e-04
6.88305000e-04
5.71564000e-04
4.70424000e-04
3.83365000e-04
3.08920000e-04
2.45678000e-04
1.92321000e-04
1.47641000e-04
1.10551000e-04
7.97342000e-05
5.43819000e-05
3.47122000e-05
2.01255000e-05
9.65863000e-06
3.09841000e-06
5.53320000e-07
4.85596000e-08
1.83996000e-09
3.72138000e-10
2.48926000e-03
2.11644000e-03
1.81498000e-03
1.56009000e-03
1.33847000e-03
1.14330000e-03
9.70869000e-04
8.18813000e-04
6.85424000e-04
5.69108000e-04
4.68330000e-04
3.81598000e-04
3.07440000e-04
2.44449000e-04
1.91312000e-04
1.46823000e-04
1.09897000e-04
7.92039000e-05
5.39826000e-05
3.44287000e-05
1.99368000e-05
9.53727000e-06
3.04638000e-06
5.42120000e-07
4.75075000e-08
1.80106000e-09
3.65782000e-10
2.47745000e-03
2.10748000e-03
1.80784000e-03
1.55405000e-03
1.33326000e-03
1.13876000e-03
9.66905000e-04
8.15395000e-04
6.82461000e-04
5.66565000e-04
4.66170000e-04
3.79773000e-04
3.05911000e-04
2.43180000e-04
1.90270000e-04
1.45977000e-04
1.09221000e-04
7.86564000e-05
5.35705000e-05
3.41363000e-05
1.97423000e-05
9.41237000e-06
2.99311000e-06
5.30715000e-07
4.64386000e-08
1.76153000e-09
3.59295000e-10
2.46954000e-03
2.10178000e-03
1.80313000e-03
1.55008000e-03
1.32983000e-03
1.13577000e-03
9.64299000e-04
8.13130000e-04
6.80524000e-04
5.64900000e-04
4.64750000e-04
3.78573000e-04
3.04904000e-04
2.42345000e-04
1.89584000e-04
1.45420000e-04
1.08776000e-04
7.82962000e-05
5.32995000e-05
3.39441000e-05
1.96145000e-05
9.33040000e-06
2.95832000e-06
5.23296000e-07
4.57447000e-08
1.73586000e-09
3.55067000e-10
2.46940000e-03
2.10159000e-03
1.80309000e-03
1.55006000e-03
1.32983000e-03
1.13578000e-03
9.64320000e-04
8.13125000e-04
6.80514000e-04
5.64892000e-04
4.64745000e-04
3.78571000e-04
3.04904000e-04
2.42345000e-04
1.89583000e-04
1.45420000e-04
1.08776000e-04
7.82960000e-05
5.32994000e-05
3.39440000e-05
1.96144000e-05
9.33037000e-06
2.95830000e-06
5.23292000e-07
4.57443000e-08
1.73585000e-09
3.55065000e-10
2.47684000e-03
2.10723000e-03
1.80767000e-03
1.55397000e-03
1.33322000e-03
1.13877000e-03
9.66904000e-04
8.15373000e-04
6.82456000e-04
5.66559000e-04
4.66166000e-04
3.79771000e-04
3.05909000e-04
2.43179000e-04
1.90269000e-04
1.45976000e-04
1.09220000e-04
7.86555000e-05
5.35698000e-05
3.41358000e-05
1.97419000e-05
9.41218000e-06
2.99304000e-06
5.30699000e-07
4.64371000e-08
1.76148000e-09
3.59287000e-10
2.48869000e-03
2.11608000e-03
1.81477000e-03
1.55994000e-03
1.33840000e-03
1.14324000e-03
9.70829000e-04
8.18794000e-04
6.85403000e-04
5.69093000e-04
4.68319000e-04
3.81590000e-04
3.07433000e-04
2.44445000e-04
1.91309000e-04
1.46820000e-04
1.09895000e-04
7.92021000e-05
5.39812000e-05
3.44277000e-05
1.99361000e-05
9.53689000e-06
3.04623000e-06
5.42089000e-07
4.75046000e-08
1.80096000e-09
3.65766000e-10
2.50018000e-03
2.12479000e-03
1.82175000e-03
1.56582000e-03
1.34346000e-03
1.14763000e-03
9.74623000e-04
8.22093000e-04
6.88256000e-04
5.71537000e-04
4.70405000e-04
3.83352000e-04
3.08910000e-04
2.45671000e-04
1.92316000e-04
1.47637000e-04
1.10548000e-04
7.97319000e-05
5.43803000e-05
3.47111000e-05
2.01248000e-05
9.65819000e-06
3.09822000e-06
5.53281000e-07
4.85560000e-08
1.83983000e-09
3.72116000e-10
2.50794000e-03
2.13051000e-03
1.82624000e-03
1.56958000e-03
1.34665000e-03
1.15038000e-03
9.77013000e-04
8.24163000e-04
6.90023000e-04
5.73046000e-04
4.71685000e-04
3.84432000e-04
3.09812000e-04
2.46419000e-04
1.92930000e-04
1.48136000e-04
1.10946000e-04
8.00545000e-05
5.46232000e-05
3.48837000e-05
2.02398000e-05
9.73222000e-06
3.13009000e-06
5.60168000e-07
4.92041000e-08
1.86379000e-09
3.76018000e-10
2.50898000e-03
2.13060000e-03
1.82620000e-03
1.56939000e-03
1.34641000e-03
1.15014000e-03
9.76770000e-04
8.23916000e-04
6.89808000e-04
5.72848000e-04
4.71507000e-04
3.84274000e-04
3.09675000e-04
2.46302000e-04
1.92832000e-04
1.48054000e-04
1.10880000e-04
8.00007000e-05
5.45825000e-05
3.48546000e-05
2.02204000e-05
9.71964000e-06
3.12465000e-06
5.58988000e-07
4.90929000e-08
1.85968000e-09
3.75348000e-10
2.50006000e-03
2.12290000e-03
1.81955000e-03
1.56365000e-03
1.34136000e-03
1.14569000e-03
9.72840000e-04
8.20470000e-04
6.86800000e-04
5.70250000e-04
4.69273000e-04
3.82374000e-04
3.08075000e-04
2.44968000e-04
1.91732000e-04
1.47160000e-04
1.10163000e-04
7.94188000e-05
5.41435000e-05
3.45424000e-05
2.00122000e-05
9.58568000e-06
3.06706000e-06
5.46557000e-07
4.79238000e-08
1.81645000e-09
3.68298000e-10
2.47799000e-03
2.10476000e-03
1.80458000e-03
1.55080000e-03
1.33018000e-03
1.13586000e-03
9.64215000e-04
8.12915000e-04
6.80240000e-04
5.64592000e-04
4.64440000e-04
3.78276000e-04
3.04631000e-04
2.42101000e-04
1.89372000e-04
1.45241000e-04
1.08629000e-04
7.81746000e-05
5.32062000e-05
3.38769000e-05
1.95695000e-05
9.30135000e-06
2.94593000e-06
5.20651000e-07
4.54972000e-08
1.72670000e-09
3.53546000e-10
2.43972000e-03
2.07452000e-03
1.77955000e-03
1.52942000e-03
1.31154000e-03
1.11955000e-03
9.49929000e-04
8.00479000e-04
6.69467000e-04
5.55319000e-04
4.56521000e-04
3.71567000e-04
2.98997000e-04
2.37416000e-04
1.85518000e-04
1.42111000e-04
1.06126000e-04
7.61493000e-05
5.16839000e-05
3.27990000e-05
1.88550000e-05
8.84466000e-06
2.75453000e-06
4.80374000e-07
4.17515000e-08
1.58809000e-09
3.30444000e-10
2.38350000e-03
2.02999000e-03
1.74296000e-03
1.49818000e-03
1.28436000e-03
1.09577000e-03
9.29138000e-04
7.82368000e-04
6.53798000e-04
5.41861000e-04
4.45047000e-04
3.61865000e-04
2.90864000e-04
2.30662000e-04
1.79970000e-04
1.37611000e-04
1.02534000e-04
7.32504000e-05
4.95114000e-05
3.12666000e-05
1.78450000e-05
8.20390000e-06
2.49275000e-06
4.26599000e-07
3.68025000e-08
1.40472000e-09
2.99223000e-10
2.30699000e-03
1.97096000e-03
1.69427000e-03
1.45640000e-03
1.24795000e-03
1.06390000e-03
9.01291000e-04
7.58182000e-04
6.32918000e-04
5.23966000e-04
4.29827000e-04
3.49019000e-04
2.80114000e-04
2.21750000e-04
1.72661000e-04
1.31692000e-04
9.78164000e-05
6.94604000e-05
4.66841000e-05
2.92836000e-05
1.65491000e-05
7.39122000e-06
2.17253000e-06
3.62919000e-07
3.10213000e-08
1.19007000e-09
2.61565000e-10
2.21134000e-03
1.89984000e-03
1.63492000e-03
1.40519000e-03
1.20320000e-03
1.02471000e-03
8.67083000e-04
7.28499000e-04
6.07334000e-04
5.02086000e-04
4.11267000e-04
3.33410000e-04
2.67098000e-04
2.10998000e-04
1.63872000e-04
1.24599000e-04
9.21808000e-05
6.49583000e-05
4.33481000e-05
2.69620000e-05
1.50495000e-05
6.46639000e-06
1.82492000e-06
2.96457000e-07
2.50827000e-08
9.68780000e-10
2.21175000e-10
1.99427000e-03
2.55731000e-03
2.66400000e-03
2.73076000e-03
2.77886000e-03
2.80970000e-03
2.82566000e-03
2.82961000e-03
2.82484000e-03
2.81506000e-03
2.80432000e-03
2.79696000e-03
2.79631000e-03
2.80357000e-03
2.81420000e-03
2.82359000e-03
2.82791000e-03
2.82348000e-03
2.80700000e-03
2.77557000e-03
2.72652000e-03
2.65958000e-03
2.55435000e-03
1.99206000e-03
2.55741000e-03
2.70470000e-03
2.81040000e-03
2.89592000e-03
2.96162000e-03
3.00897000e-03
3.03993000e-03
3.05703000e-03
3.06323000e-03
3.06198000e-03
3.05715000e-03
3.05295000e-03
3.05268000e-03
3.05651000e-03
3.06088000e-03
3.06164000e-03
3.05492000e-03
3.03729000e-03
3.00574000e-03
2.95774000e-03
2.89100000e-03
2.80498000e-03
2.69889000e-03
2.55417000e-03
2.66446000e-03
2.81085000e-03
2.93895000e-03
3.04600000e-03
3.13213000e-03
3.19860000e-03
3.24706000e-03
3.27961000e-03
3.29887000e-03
3.30793000e-03
3.31027000e-03
3.30972000e-03
3.30955000e-03
3.30949000e-03
3.30661000e-03
3.29701000e-03
3.27717000e-03
3.24402000e-03
3.19496000e-03
3.12787000e-03
3.04114000e-03
2.93358000e-03
2.80512000e-03
2.65911000e-03
2.73167000e-03
2.89687000e-03
3.04653000e-03
3.17621000e-03
3.28477000e-03
3.37267000e-03
3.44098000e-03
3.49129000e-03
3.52570000e-03
3.54688000e-03
3.55774000e-03
3.56162000e-03
3.56134000e-03
3.55685000e-03
3.54543000e-03
3.52370000e-03
3.48866000e-03
3.43772000e-03
3.36878000e-03
3.28024000e-03
3.17108000e-03
3.04087000e-03
2.89086000e-03
2.72608000e-03
2.78020000e-03
2.96307000e-03
3.13322000e-03
3.28536000e-03
3.41707000e-03
3.52773000e-03
3.61754000e-03
3.68735000e-03
3.73807000e-03
3.77345000e-03
3.79396000e-03
3.80289000e-03
3.80262000e-03
3.79309000e-03
3.77204000e-03
3.73665000e-03
3.68476000e-03
3.61425000e-03
3.52376000e-03
3.41242000e-03
3.28006000e-03
3.12736000e-03
2.95687000e-03
2.77442000e-03
2.81140000e-03
3.01086000e-03
3.20021000e-03
3.37384000e-03
3.52835000e-03
3.66198000e-03
3.77393000e-03
3.86424000e-03
3.93246000e-03
3.98183000e-03
4.01293000e-03
4.02728000e-03
4.02707000e-03
4.01209000e-03
3.98115000e-03
3.93110000e-03
3.86185000e-03
3.77087000e-03
3.65810000e-03
3.52370000e-03
3.36848000e-03
3.19427000e-03
3.00458000e-03
2.80554000e-03
2.82759000e-03
3.04220000e-03
3.24913000e-03
3.44270000e-03
3.61878000e-03
3.77458000e-03
3.90731000e-03
4.01823000e-03
4.10597000e-03
4.17029000e-03
4.21237000e-03
4.23249000e-03
4.23278000e-03
4.21203000e-03
4.16976000e-03
4.10459000e-03
4.01649000e-03
3.90567000e-03
3.77095000e-03
3.61421000e-03
3.43734000e-03
3.24315000e-03
3.03589000e-03
2.82176000e-03
2.83176000e-03
3.05957000e-03
3.28207000e-03
3.49349000e-03
3.68922000e-03
3.86562000e-03
4.01892000e-03
4.14961000e-03
4.25615000e-03
4.33426000e-03
4.38796000e-03
4.41254000e-03
4.41234000e-03
4.38606000e-03
4.33357000e-03
4.25340000e-03
4.14747000e-03
4.01750000e-03
3.86216000e-03
3.68472000e-03
3.48815000e-03
3.27605000e-03
3.05322000e-03
2.82592000e-03
2.82709000e-03
3.06597000e-03
3.30163000e-03
3.52832000e-03
3.74107000e-03
3.93558000e-03
4.10750000e-03
4.25537000e-03
4.37685000e-03
4.46965000e-03
4.53196000e-03
4.56325000e-03
4.56321000e-03
4.53208000e-03
4.47037000e-03
4.37709000e-03
4.25383000e-03
4.10493000e-03
3.93163000e-03
3.73595000e-03
3.52250000e-03
3.29489000e-03
3.05905000e-03
2.82134000e-03
2.81741000e-03
3.06487000e-03
3.31089000e-03
3.54976000e-03
3.77623000e-03
3.98560000e-03
4.17358000e-03
4.33551000e-03
4.47022000e-03
4.57416000e-03
4.64501000e-03
4.68097000e-03
4.68110000e-03
4.64493000e-03
4.57394000e-03
4.46971000e-03
4.33392000e-03
4.17115000e-03
3.98131000e-03
3.77128000e-03
3.54468000e-03
3.30496000e-03
3.05809000e-03
2.81167000e-03
2.80669000e-03
3.06014000e-03
3.31340000e-03
3.56084000e-03
3.79706000e-03
4.01703000e-03
4.21606000e-03
4.38984000e-03
4.53476000e-03
4.64621000e-03
4.72291000e-03
4.76237000e-03
4.76210000e-03
4.72334000e-03
4.64699000e-03
4.53256000e-03
4.38717000e-03
4.21250000e-03
4.01260000e-03
3.79202000e-03
3.55571000e-03
3.30684000e-03
3.05346000e-03
2.80128000e-03
2.79945000e-03
3.05597000e-03
3.31298000e-03
3.56490000e-03
3.80624000e-03
4.03183000e-03
4.23665000e-03
4.41509000e-03
4.56551000e-03
4.68399000e-03
4.76398000e-03
4.80576000e-03
4.80407000e-03
4.76439000e-03
4.68211000e-03
4.56469000e-03
4.41536000e-03
4.23380000e-03
4.02775000e-03
3.80222000e-03
3.55898000e-03
3.30658000e-03
3.04944000e-03
2.79410000e-03
2.79940000e-03
3.05585000e-03
3.31284000e-03
3.56476000e-03
3.80613000e-03
4.03177000e-03
4.23666000e-03
4.41537000e-03
4.56529000e-03
4.68412000e-03
4.76516000e-03
4.80623000e-03
4.80486000e-03
4.76348000e-03
4.68309000e-03
4.56494000e-03
4.41466000e-03
4.23519000e-03
4.02814000e-03
3.80127000e-03
3.55891000e-03
3.30724000e-03
3.04991000e-03
2.79372000e-03
2.80646000e-03
3.05978000e-03
3.31298000e-03
3.56042000e-03
3.79670000e-03
4.01682000e-03
4.21590000e-03
4.38863000e-03
4.53357000e-03
4.64665000e-03
4.72583000e-03
4.76563000e-03
4.76548000e-03
4.72470000e-03
4.64661000e-03
4.53351000e-03
4.38819000e-03
4.21449000e-03
4.01422000e-03
3.79291000e-03
3.55456000e-03
3.30668000e-03
3.05335000e-03
2.80109000e-03
2.81693000e-03
3.06427000e-03
3.31021000e-03
3.54909000e-03
3.77568000e-03
3.98531000e-03
4.17367000e-03
4.33709000e-03
4.47133000e-03
4.57562000e-03
4.64719000e-03
4.68498000e-03
4.68519000e-03
4.64884000e-03
4.57586000e-03
4.47074000e-03
4.33485000e-03
4.17073000e-03
3.98157000e-03
3.77192000e-03
3.54341000e-03
3.30463000e-03
3.05831000e-03
2.81119000e-03
2.82640000e-03
3.06514000e-03
3.30071000e-03
3.52744000e-03
3.74036000e-03
3.93526000e-03
4.10852000e-03
4.25665000e-03
4.37955000e-03
4.47273000e-03
4.53431000e-03
4.56642000e-03
4.56770000e-03
4.53618000e-03
4.47291000e-03
4.37775000e-03
4.25525000e-03
4.10596000e-03
3.93188000e-03
3.73601000e-03
3.52203000e-03
3.29436000e-03
3.05855000e-03
2.82054000e-03
2.83088000e-03
3.05852000e-03
3.28094000e-03
3.49242000e-03
3.68838000e-03
3.86519000e-03
4.01907000e-03
4.15052000e-03
4.25658000e-03
4.33672000e-03
4.38969000e-03
4.41520000e-03
4.41553000e-03
4.39038000e-03
4.33716000e-03
4.25618000e-03
4.14986000e-03
4.01802000e-03
3.86210000e-03
3.68429000e-03
3.48736000e-03
3.27507000e-03
3.05227000e-03
2.82522000e-03
2.82655000e-03
3.04094000e-03
3.24779000e-03
3.44144000e-03
3.61775000e-03
3.77397000e-03
3.90802000e-03
4.01944000e-03
4.10762000e-03
4.17269000e-03
4.21497000e-03
4.23509000e-03
4.23470000e-03
4.21482000e-03
4.17304000e-03
4.10769000e-03
4.01892000e-03
3.90664000e-03
3.77131000e-03
3.61406000e-03
3.43681000e-03
3.24240000e-03
3.03509000e-03
2.82105000e-03
2.81014000e-03
3.00940000e-03
3.19865000e-03
3.37231000e-03
3.52699000e-03
3.66087000e-03
3.77374000e-03
3.86477000e-03
3.93471000e-03
3.98461000e-03
4.01594000e-03
4.03044000e-03
4.02918000e-03
4.01533000e-03
3.98368000e-03
3.93343000e-03
3.86306000e-03
3.77148000e-03
3.65819000e-03
3.52331000e-03
3.36774000e-03
3.19332000e-03
3.00359000e-03
2.80464000e-03
2.77873000e-03
2.96138000e-03
3.13139000e-03
3.28347000e-03
3.41535000e-03
3.52642000e-03
3.61684000e-03
3.68723000e-03
3.73903000e-03
3.77413000e-03
3.79486000e-03
3.80379000e-03
3.80298000e-03
3.79411000e-03
3.77296000e-03
3.73746000e-03
3.68522000e-03
3.61433000e-03
3.52342000e-03
3.41169000e-03
3.27903000e-03
3.12616000e-03
2.95564000e-03
2.77326000e-03
2.72991000e-03
2.89488000e-03
3.04436000e-03
3.17359000e-03
3.28210000e-03
3.37060000e-03
3.43976000e-03
3.49046000e-03
3.52518000e-03
3.54652000e-03
3.55749000e-03
3.56141000e-03
3.56107000e-03
3.55672000e-03
3.54528000e-03
3.52350000e-03
3.48832000e-03
3.43713000e-03
3.36791000e-03
3.27909000e-03
3.16969000e-03
3.03934000e-03
2.88933000e-03
2.72462000e-03
2.66213000e-03
2.80827000e-03
2.93647000e-03
3.04375000e-03
3.12997000e-03
3.19664000e-03
3.24534000e-03
3.27809000e-03
3.29751000e-03
3.30666000e-03
3.30905000e-03
3.30845000e-03
3.30799000e-03
3.30841000e-03
3.30552000e-03
3.29591000e-03
3.27602000e-03
3.24275000e-03
3.19352000e-03
3.12627000e-03
3.03939000e-03
2.93172000e-03
2.80325000e-03
2.65731000e-03
2.55633000e-03
2.70237000e-03
2.80798000e-03
2.89350000e-03
2.95923000e-03
3.00667000e-03
3.03772000e-03
3.05487000e-03
3.06120000e-03
3.06002000e-03
3.05522000e-03
3.05098000e-03
3.05082000e-03
3.05465000e-03
3.05904000e-03
3.05982000e-03
3.05310000e-03
3.03542000e-03
3.00381000e-03
2.95578000e-03
2.88940000e-03
2.80328000e-03
2.69712000e-03
2.55308000e-03
1.99347000e-03
2.55611000e-03
2.66159000e-03
2.72832000e-03
2.77642000e-03
2.80723000e-03
2.82284000e-03
2.82692000e-03
2.82253000e-03
2.81280000e-03
2.80209000e-03
2.79482000e-03
2.79474000e-03
2.80167000e-03
2.81205000e-03
2.82144000e-03
2.82576000e-03
2.82133000e-03
2.80485000e-03
2.77342000e-03
2.72471000e-03
2.65735000e-03
2.55314000e-03
1.99123000e-03
)
