3168
(
1.92057000e+02
1.80482000e+02
1.72032000e+02
1.66179000e+02
1.62376000e+02
1.60175000e+02
1.59234000e+02
1.59251000e+02
1.59945000e+02
1.61017000e+02
1.62085000e+02
1.62785000e+02
1.62784000e+02
1.62072000e+02
1.61034000e+02
1.59986000e+02
1.59297000e+02
1.59298000e+02
1.60261000e+02
1.62488000e+02
1.66326000e+02
1.72222000e+02
1.80671000e+02
1.92235000e+02
2.39613000e+02
2.27255000e+02
2.17790000e+02
2.11050000e+02
2.06621000e+02
2.04008000e+02
2.02871000e+02
2.02837000e+02
2.03581000e+02
2.04746000e+02
2.05958000e+02
2.06765000e+02
2.06756000e+02
2.05974000e+02
2.04764000e+02
2.03608000e+02
2.02863000e+02
2.02925000e+02
2.04086000e+02
2.06723000e+02
2.11178000e+02
2.17938000e+02
2.27428000e+02
2.39785000e+02
2.95868000e+02
2.81515000e+02
2.70605000e+02
2.62843000e+02
2.57696000e+02
2.54661000e+02
2.53294000e+02
2.53224000e+02
2.54057000e+02
2.55402000e+02
2.56785000e+02
2.57706000e+02
2.57705000e+02
2.56797000e+02
2.55414000e+02
2.54080000e+02
2.53257000e+02
2.53342000e+02
2.54727000e+02
2.57783000e+02
2.62949000e+02
2.70737000e+02
2.81660000e+02
2.96019000e+02
3.62161000e+02
3.45200000e+02
3.32356000e+02
3.23235000e+02
3.17191000e+02
3.13608000e+02
3.11986000e+02
3.11875000e+02
3.12834000e+02
3.14388000e+02
3.16000000e+02
3.17068000e+02
3.17070000e+02
3.16006000e+02
3.14401000e+02
3.12854000e+02
3.11904000e+02
3.12027000e+02
3.13663000e+02
3.17260000e+02
3.23322000e+02
3.32459000e+02
3.45314000e+02
3.62276000e+02
4.40892000e+02
4.20660000e+02
4.05351000e+02
3.94502000e+02
3.87304000e+02
3.83044000e+02
3.81092000e+02
3.80950000e+02
3.82067000e+02
3.83894000e+02
3.85793000e+02
3.87054000e+02
3.87056000e+02
3.85792000e+02
3.83905000e+02
3.82078000e+02
3.80965000e+02
3.81132000e+02
3.83085000e+02
3.87364000e+02
3.94568000e+02
4.05433000e+02
4.20745000e+02
4.40984000e+02
5.35361000e+02
5.11020000e+02
4.92626000e+02
4.79589000e+02
4.70946000e+02
4.65831000e+02
4.63478000e+02
4.63293000e+02
4.64616000e+02
4.66793000e+02
4.69051000e+02
4.70559000e+02
4.70564000e+02
4.69054000e+02
4.66789000e+02
4.64632000e+02
4.63309000e+02
4.63514000e+02
4.65863000e+02
4.70993000e+02
4.79638000e+02
4.92681000e+02
5.11080000e+02
5.35429000e+02
6.49832000e+02
6.20309000e+02
5.98044000e+02
5.82277000e+02
5.71839000e+02
5.65642000e+02
5.62802000e+02
5.62545000e+02
5.64132000e+02
5.66762000e+02
5.69486000e+02
5.71301000e+02
5.71301000e+02
5.69491000e+02
5.66753000e+02
5.64156000e+02
5.62570000e+02
5.62821000e+02
5.65663000e+02
5.71854000e+02
5.82316000e+02
5.98082000e+02
6.20360000e+02
6.49867000e+02
7.89765000e+02
7.53759000e+02
7.26636000e+02
7.07427000e+02
6.94717000e+02
6.87172000e+02
6.83702000e+02
6.83396000e+02
6.85327000e+02
6.88505000e+02
6.91802000e+02
6.94013000e+02
6.94005000e+02
6.91807000e+02
6.88495000e+02
6.85339000e+02
6.83412000e+02
6.83725000e+02
6.87181000e+02
6.94724000e+02
7.07450000e+02
7.26659000e+02
7.53783000e+02
7.89791000e+02
9.62343000e+02
9.18133000e+02
8.84860000e+02
8.61312000e+02
8.45738000e+02
8.36497000e+02
8.32253000e+02
8.31879000e+02
8.34223000e+02
8.38108000e+02
8.42145000e+02
8.44841000e+02
8.44843000e+02
8.42152000e+02
8.38104000e+02
8.34232000e+02
8.31871000e+02
8.32269000e+02
8.36511000e+02
8.45757000e+02
8.61325000e+02
8.84863000e+02
9.18144000e+02
9.62334000e+02
1.17698000e+03
1.12235000e+03
1.08127000e+03
1.05223000e+03
1.03302000e+03
1.02160000e+03
1.01638000e+03
1.01590000e+03
1.01878000e+03
1.02357000e+03
1.02855000e+03
1.03188000e+03
1.03188000e+03
1.02856000e+03
1.02356000e+03
1.01879000e+03
1.01589000e+03
1.01638000e+03
1.02161000e+03
1.03302000e+03
1.05224000e+03
1.08127000e+03
1.12235000e+03
1.17697000e+03
1.44640000e+03
1.37841000e+03
1.32735000e+03
1.29124000e+03
1.26736000e+03
1.25317000e+03
1.24668000e+03
1.24607000e+03
1.24965000e+03
1.25558000e+03
1.26177000e+03
1.26589000e+03
1.26591000e+03
1.26178000e+03
1.25558000e+03
1.24965000e+03
1.24607000e+03
1.24667000e+03
1.25317000e+03
1.26735000e+03
1.29123000e+03
1.32734000e+03
1.37841000e+03
1.44637000e+03
1.78794000e+03
1.70270000e+03
1.63868000e+03
1.59342000e+03
1.56349000e+03
1.54573000e+03
1.53758000e+03
1.53681000e+03
1.54129000e+03
1.54871000e+03
1.55646000e+03
1.56162000e+03
1.56163000e+03
1.55647000e+03
1.54871000e+03
1.54129000e+03
1.53681000e+03
1.53757000e+03
1.54572000e+03
1.56348000e+03
1.59340000e+03
1.63866000e+03
1.70268000e+03
1.78791000e+03
2.22586000e+03
2.11803000e+03
2.03701000e+03
1.97974000e+03
1.94190000e+03
1.91943000e+03
1.90912000e+03
1.90815000e+03
1.91380000e+03
1.92316000e+03
1.93296000e+03
1.93948000e+03
1.93949000e+03
1.93296000e+03
1.92316000e+03
1.91379000e+03
1.90814000e+03
1.90911000e+03
1.91942000e+03
1.94188000e+03
1.97972000e+03
2.03698000e+03
2.11799000e+03
2.22581000e+03
2.79466000e+03
2.65683000e+03
2.55322000e+03
2.48000000e+03
2.43162000e+03
2.40291000e+03
2.38972000e+03
2.38847000e+03
2.39568000e+03
2.40763000e+03
2.42014000e+03
2.42847000e+03
2.42847000e+03
2.42014000e+03
2.40763000e+03
2.39566000e+03
2.38845000e+03
2.38970000e+03
2.40288000e+03
2.43159000e+03
2.47996000e+03
2.55317000e+03
2.65678000e+03
2.79461000e+03
3.54471000e+03
3.36641000e+03
3.23226000e+03
3.13748000e+03
3.07487000e+03
3.03774000e+03
3.02068000e+03
3.01905000e+03
3.02836000e+03
3.04380000e+03
3.05998000e+03
3.07073000e+03
3.07074000e+03
3.05997000e+03
3.04380000e+03
3.02834000e+03
3.01903000e+03
3.02066000e+03
3.03770000e+03
3.07485000e+03
3.13743000e+03
3.23219000e+03
3.36634000e+03
3.54463000e+03
4.55130000e+03
4.31740000e+03
4.14127000e+03
4.01685000e+03
3.93470000e+03
3.88598000e+03
3.86358000e+03
3.86144000e+03
3.87365000e+03
3.89389000e+03
3.91509000e+03
3.92919000e+03
3.92920000e+03
3.91508000e+03
3.89389000e+03
3.87362000e+03
3.86142000e+03
3.86356000e+03
3.88593000e+03
3.93466000e+03
4.01679000e+03
4.14118000e+03
4.31732000e+03
4.55120000e+03
5.93025000e+03
5.61848000e+03
5.38348000e+03
5.21752000e+03
5.10793000e+03
5.04297000e+03
5.01311000e+03
5.01024000e+03
5.02650000e+03
5.05347000e+03
5.08171000e+03
5.10051000e+03
5.10052000e+03
5.08171000e+03
5.05346000e+03
5.02647000e+03
5.01020000e+03
5.01308000e+03
5.04290000e+03
5.10789000e+03
5.21742000e+03
5.38336000e+03
5.61837000e+03
5.93012000e+03
7.86672000e+03
7.44337000e+03
7.12380000e+03
6.89809000e+03
6.74906000e+03
6.66069000e+03
6.62010000e+03
6.61619000e+03
6.63828000e+03
6.67496000e+03
6.71332000e+03
6.73888000e+03
6.73888000e+03
6.71331000e+03
6.67494000e+03
6.63827000e+03
6.61614000e+03
6.62005000e+03
6.66062000e+03
6.74899000e+03
6.89797000e+03
7.12364000e+03
7.44323000e+03
7.86657000e+03
1.06490000e+04
1.00663000e+04
9.62543000e+03
9.31367000e+03
9.10776000e+03
8.98560000e+03
8.92948000e+03
8.92409000e+03
8.95458000e+03
9.00529000e+03
9.05827000e+03
9.09360000e+03
9.09357000e+03
9.05826000e+03
9.00526000e+03
8.95455000e+03
8.92399000e+03
8.92944000e+03
8.98554000e+03
9.10764000e+03
9.31354000e+03
9.62520000e+03
1.00661000e+04
1.06488000e+04
1.47224000e+04
1.39147000e+04
1.33015000e+04
1.28673000e+04
1.25802000e+04
1.24097000e+04
1.23313000e+04
1.23237000e+04
1.23662000e+04
1.24370000e+04
1.25109000e+04
1.25602000e+04
1.25602000e+04
1.25109000e+04
1.24370000e+04
1.23662000e+04
1.23236000e+04
1.23312000e+04
1.24095000e+04
1.25800000e+04
1.28671000e+04
1.33012000e+04
1.39144000e+04
1.47221000e+04
2.08639000e+04
1.97193000e+04
1.88502000e+04
1.82346000e+04
1.78274000e+04
1.75854000e+04
1.74742000e+04
1.74633000e+04
1.75237000e+04
1.76240000e+04
1.77289000e+04
1.77987000e+04
1.77986000e+04
1.77288000e+04
1.76239000e+04
1.75236000e+04
1.74632000e+04
1.74740000e+04
1.75852000e+04
1.78270000e+04
1.82342000e+04
1.88497000e+04
1.97188000e+04
2.08634000e+04
3.07600000e+04
2.90156000e+04
2.77030000e+04
2.67790000e+04
2.61701000e+04
2.58091000e+04
2.56433000e+04
2.56270000e+04
2.57169000e+04
2.58663000e+04
2.60227000e+04
2.61269000e+04
2.61268000e+04
2.60227000e+04
2.58662000e+04
2.57167000e+04
2.56268000e+04
2.56430000e+04
2.58087000e+04
2.61696000e+04
2.67784000e+04
2.77023000e+04
2.90148000e+04
3.07592000e+04
4.92998000e+04
4.61620000e+04
4.38410000e+04
4.22292000e+04
4.11771000e+04
4.05572000e+04
4.02734000e+04
4.02456000e+04
4.03993000e+04
4.06554000e+04
4.09239000e+04
4.11030000e+04
4.11029000e+04
4.09238000e+04
4.06553000e+04
4.03991000e+04
4.02453000e+04
4.02729000e+04
4.05567000e+04
4.11764000e+04
4.22283000e+04
4.38401000e+04
4.61609000e+04
4.92988000e+04
9.36649000e+04
8.67228000e+04
8.16158000e+04
7.80883000e+04
7.57964000e+04
7.44506000e+04
7.38355000e+04
7.37759000e+04
7.41094000e+04
7.46652000e+04
7.52487000e+04
7.56381000e+04
7.56381000e+04
7.52486000e+04
7.46650000e+04
7.41091000e+04
7.37756000e+04
7.38351000e+04
7.44500000e+04
7.57957000e+04
7.80875000e+04
8.16150000e+04
8.67219000e+04
9.36641000e+04
2.29024000e+05
2.10611000e+05
1.97029000e+05
1.87627000e+05
1.81511000e+05
1.77916000e+05
1.76273000e+05
1.76115000e+05
1.77007000e+05
1.78493000e+05
1.80053000e+05
1.81093000e+05
1.81093000e+05
1.80053000e+05
1.78493000e+05
1.77007000e+05
1.76114000e+05
1.76273000e+05
1.77916000e+05
1.81511000e+05
1.87627000e+05
1.97028000e+05
2.10611000e+05
2.29023000e+05
7.95904000e+05
7.30650000e+05
6.82451000e+05
6.49055000e+05
6.27308000e+05
6.14521000e+05
6.08674000e+05
6.08111000e+05
6.11287000e+05
6.16578000e+05
6.22128000e+05
6.25831000e+05
6.25831000e+05
6.22128000e+05
6.16578000e+05
6.11287000e+05
6.08111000e+05
6.08674000e+05
6.14520000e+05
6.27308000e+05
6.49054000e+05
6.82451000e+05
7.30650000e+05
7.95904000e+05
5.15363000e+06
4.73032000e+06
4.41759000e+06
4.20088000e+06
4.05974000e+06
3.97674000e+06
3.93879000e+06
3.93513000e+06
3.95575000e+06
3.99010000e+06
4.02614000e+06
4.05018000e+06
4.05018000e+06
4.02614000e+06
3.99010000e+06
3.95575000e+06
3.93513000e+06
3.93879000e+06
3.97674000e+06
4.05974000e+06
4.20088000e+06
4.41759000e+06
4.73032000e+06
5.15363000e+06
1.92051000e+02
2.39615000e+02
2.95879000e+02
3.62168000e+02
4.40903000e+02
5.35370000e+02
6.49832000e+02
7.89772000e+02
9.62340000e+02
1.17698000e+03
1.44639000e+03
1.78794000e+03
2.22586000e+03
2.79466000e+03
3.54471000e+03
4.55129000e+03
5.93024000e+03
7.86672000e+03
1.06490000e+04
1.47224000e+04
2.08639000e+04
3.07600000e+04
4.92998000e+04
9.36649000e+04
2.29024000e+05
7.95904000e+05
5.15363000e+06
1.80506000e+02
2.27274000e+02
2.81526000e+02
3.45208000e+02
4.20657000e+02
5.11011000e+02
6.20309000e+02
7.53765000e+02
9.18122000e+02
1.12235000e+03
1.37841000e+03
1.70270000e+03
2.11802000e+03
2.65683000e+03
3.36640000e+03
4.31739000e+03
5.61848000e+03
7.44339000e+03
1.00664000e+04
1.39147000e+04
1.97193000e+04
2.90157000e+04
4.61620000e+04
8.67229000e+04
2.10611000e+05
7.30650000e+05
4.73032000e+06
1.72061000e+02
2.17808000e+02
2.70617000e+02
3.32364000e+02
4.05361000e+02
4.92629000e+02
5.98053000e+02
7.26626000e+02
8.84862000e+02
1.08128000e+03
1.32735000e+03
1.63868000e+03
2.03701000e+03
2.55322000e+03
3.23225000e+03
4.14126000e+03
5.38347000e+03
7.12379000e+03
9.62542000e+03
1.33016000e+04
1.88502000e+04
2.77031000e+04
4.38411000e+04
8.16159000e+04
1.97029000e+05
6.82451000e+05
4.41759000e+06
1.66197000e+02
2.11064000e+02
2.62851000e+02
3.23238000e+02
3.94502000e+02
4.79587000e+02
5.82266000e+02
7.07414000e+02
8.61317000e+02
1.05223000e+03
1.29123000e+03
1.59341000e+03
1.97975000e+03
2.48000000e+03
3.13748000e+03
4.01685000e+03
5.21751000e+03
6.89809000e+03
9.31370000e+03
1.28673000e+04
1.82346000e+04
2.67791000e+04
4.22293000e+04
7.80884000e+04
1.87628000e+05
6.49055000e+05
4.20088000e+06
1.62367000e+02
2.06612000e+02
2.57698000e+02
3.17190000e+02
3.87302000e+02
4.70951000e+02
5.71833000e+02
6.94713000e+02
8.45743000e+02
1.03302000e+03
1.26735000e+03
1.56349000e+03
1.94190000e+03
2.43162000e+03
3.07488000e+03
3.93472000e+03
5.10798000e+03
6.74911000e+03
9.10782000e+03
1.25803000e+04
1.78274000e+04
2.61702000e+04
4.11772000e+04
7.57965000e+04
1.81511000e+05
6.27308000e+05
4.05974000e+06
1.60156000e+02
2.04012000e+02
2.54658000e+02
3.13604000e+02
3.83036000e+02
4.65818000e+02
5.65620000e+02
6.87165000e+02
8.36496000e+02
1.02161000e+03
1.25318000e+03
1.54573000e+03
1.91943000e+03
2.40291000e+03
3.03774000e+03
3.88598000e+03
5.04298000e+03
6.66074000e+03
8.98565000e+03
1.24097000e+04
1.75855000e+04
2.58093000e+04
4.05574000e+04
7.44507000e+04
1.77916000e+05
6.14521000e+05
3.97674000e+06
1.59225000e+02
2.02846000e+02
2.53285000e+02
3.11980000e+02
3.81092000e+02
4.63478000e+02
5.62780000e+02
6.83691000e+02
8.32247000e+02
1.01638000e+03
1.24667000e+03
1.53757000e+03
1.90912000e+03
2.38972000e+03
3.02068000e+03
3.86359000e+03
5.01313000e+03
6.62011000e+03
8.92950000e+03
1.23313000e+04
1.74742000e+04
2.56434000e+04
4.02736000e+04
7.38358000e+04
1.76273000e+05
6.08674000e+05
3.93879000e+06
1.59223000e+02
2.02818000e+02
2.53209000e+02
3.11866000e+02
3.80940000e+02
4.63284000e+02
5.62544000e+02
6.83386000e+02
8.31872000e+02
1.01590000e+03
1.24607000e+03
1.53681000e+03
1.90815000e+03
2.38847000e+03
3.01906000e+03
3.86146000e+03
5.01027000e+03
6.61623000e+03
8.92410000e+03
1.23237000e+04
1.74634000e+04
2.56272000e+04
4.02459000e+04
7.37762000e+04
1.76115000e+05
6.08111000e+05
3.93513000e+06
1.59926000e+02
2.03554000e+02
2.54049000e+02
3.12823000e+02
3.82056000e+02
4.64605000e+02
5.64122000e+02
6.85310000e+02
8.34213000e+02
1.01879000e+03
1.24966000e+03
1.54129000e+03
1.91380000e+03
2.39568000e+03
3.02836000e+03
3.87365000e+03
5.02650000e+03
6.63830000e+03
8.95461000e+03
1.23663000e+04
1.75238000e+04
2.57171000e+04
4.03996000e+04
7.41097000e+04
1.77007000e+05
6.11287000e+05
3.95575000e+06
1.60960000e+02
2.04734000e+02
2.55387000e+02
3.14375000e+02
3.83880000e+02
4.66770000e+02
5.66747000e+02
6.88492000e+02
8.38090000e+02
1.02356000e+03
1.25558000e+03
1.54871000e+03
1.92317000e+03
2.40765000e+03
3.04383000e+03
3.89393000e+03
5.05352000e+03
6.67499000e+03
9.00533000e+03
1.24371000e+04
1.76241000e+04
2.58665000e+04
4.06557000e+04
7.46655000e+04
1.78493000e+05
6.16578000e+05
3.99010000e+06
1.62048000e+02
2.05954000e+02
2.56776000e+02
3.15985000e+02
3.85773000e+02
4.69046000e+02
5.69480000e+02
6.91811000e+02
8.42153000e+02
1.02855000e+03
1.26178000e+03
1.55647000e+03
1.93297000e+03
2.42015000e+03
3.05999000e+03
3.91510000e+03
5.08173000e+03
6.71335000e+03
9.05832000e+03
1.25110000e+04
1.77290000e+04
2.60230000e+04
4.09243000e+04
7.52490000e+04
1.80053000e+05
6.22128000e+05
4.02614000e+06
1.62745000e+02
2.06752000e+02
2.57692000e+02
3.17052000e+02
3.87032000e+02
4.70549000e+02
5.71291000e+02
6.94006000e+02
8.44833000e+02
1.03187000e+03
1.26590000e+03
1.56163000e+03
1.93949000e+03
2.42848000e+03
3.07076000e+03
3.92922000e+03
5.10055000e+03
6.73890000e+03
9.09362000e+03
1.25602000e+04
1.77988000e+04
2.61271000e+04
4.11034000e+04
7.56385000e+04
1.81094000e+05
6.25831000e+05
4.05018000e+06
1.62723000e+02
2.06749000e+02
2.57686000e+02
3.17052000e+02
3.87038000e+02
4.70547000e+02
5.71287000e+02
6.93997000e+02
8.44848000e+02
1.03188000e+03
1.26590000e+03
1.56163000e+03
1.93949000e+03
2.42848000e+03
3.07075000e+03
3.92921000e+03
5.10056000e+03
6.73894000e+03
9.09366000e+03
1.25603000e+04
1.77988000e+04
2.61271000e+04
4.11034000e+04
7.56385000e+04
1.81094000e+05
6.25831000e+05
4.05018000e+06
1.62028000e+02
2.05942000e+02
2.56771000e+02
3.15985000e+02
3.85778000e+02
4.69042000e+02
5.69475000e+02
6.91796000e+02
8.42151000e+02
1.02856000e+03
1.26178000e+03
1.55647000e+03
1.93297000e+03
2.42015000e+03
3.05999000e+03
3.91511000e+03
5.08175000e+03
6.71338000e+03
9.05835000e+03
1.25110000e+04
1.77290000e+04
2.60230000e+04
4.09243000e+04
7.52490000e+04
1.80053000e+05
6.22128000e+05
4.02614000e+06
1.60972000e+02
2.04750000e+02
2.55392000e+02
3.14376000e+02
3.83881000e+02
4.66779000e+02
5.66750000e+02
6.88496000e+02
8.38102000e+02
1.02357000e+03
1.25558000e+03
1.54871000e+03
1.92316000e+03
2.40764000e+03
3.04382000e+03
3.89391000e+03
5.05350000e+03
6.67499000e+03
9.00532000e+03
1.24371000e+04
1.76241000e+04
2.58666000e+04
4.06557000e+04
7.46655000e+04
1.78493000e+05
6.16578000e+05
3.99010000e+06
1.59945000e+02
2.03578000e+02
2.54052000e+02
3.12827000e+02
3.82058000e+02
4.64610000e+02
5.64136000e+02
6.85318000e+02
8.34211000e+02
1.01878000e+03
1.24965000e+03
1.54129000e+03
1.91380000e+03
2.39568000e+03
3.02836000e+03
3.87366000e+03
5.02652000e+03
6.63830000e+03
8.95460000e+03
1.23663000e+04
1.75238000e+04
2.57170000e+04
4.03996000e+04
7.41096000e+04
1.77007000e+05
6.11287000e+05
3.95575000e+06
1.59243000e+02
2.02829000e+02
2.53227000e+02
3.11874000e+02
3.80946000e+02
4.63288000e+02
5.62551000e+02
6.83398000e+02
8.31878000e+02
1.01590000e+03
1.24607000e+03
1.53682000e+03
1.90815000e+03
2.38847000e+03
3.01905000e+03
3.86146000e+03
5.01025000e+03
6.61619000e+03
8.92408000e+03
1.23237000e+04
1.74634000e+04
2.56272000e+04
4.02458000e+04
7.37761000e+04
1.76115000e+05
6.08111000e+05
3.93513000e+06
1.59241000e+02
2.02887000e+02
2.53309000e+02
3.11996000e+02
3.81103000e+02
4.63487000e+02
5.62801000e+02
6.83709000e+02
8.32260000e+02
1.01638000e+03
1.24667000e+03
1.53757000e+03
1.90911000e+03
2.38972000e+03
3.02068000e+03
3.86360000e+03
5.01312000e+03
6.62011000e+03
8.92950000e+03
1.23313000e+04
1.74742000e+04
2.56433000e+04
4.02734000e+04
7.38356000e+04
1.76273000e+05
6.08674000e+05
3.93879000e+06
1.60199000e+02
2.04043000e+02
2.54688000e+02
3.13630000e+02
3.83057000e+02
4.65837000e+02
5.65643000e+02
6.87174000e+02
8.36502000e+02
1.02162000e+03
1.25318000e+03
1.54573000e+03
1.91943000e+03
2.40290000e+03
3.03773000e+03
3.88598000e+03
5.04297000e+03
6.66072000e+03
8.98564000e+03
1.24097000e+04
1.75854000e+04
2.58091000e+04
4.05572000e+04
7.44505000e+04
1.77916000e+05
6.14521000e+05
3.97674000e+06
1.62426000e+02
2.06678000e+02
2.57747000e+02
3.17223000e+02
3.87333000e+02
4.70971000e+02
5.71851000e+02
6.94723000e+02
8.45744000e+02
1.03300000e+03
1.26734000e+03
1.56347000e+03
1.94188000e+03
2.43160000e+03
3.07486000e+03
3.93468000e+03
5.10792000e+03
6.74906000e+03
9.10775000e+03
1.25802000e+04
1.78273000e+04
2.61700000e+04
4.11770000e+04
7.57963000e+04
1.81511000e+05
6.27308000e+05
4.05974000e+06
1.66269000e+02
2.11130000e+02
2.62905000e+02
3.23283000e+02
3.94535000e+02
4.79608000e+02
5.82283000e+02
7.07430000e+02
8.61306000e+02
1.05222000e+03
1.29122000e+03
1.59340000e+03
1.97973000e+03
2.47998000e+03
3.13745000e+03
4.01682000e+03
5.21746000e+03
6.89803000e+03
9.31364000e+03
1.28672000e+04
1.82345000e+04
2.67789000e+04
4.22290000e+04
7.80881000e+04
1.87627000e+05
6.49055000e+05
4.20088000e+06
1.72134000e+02
2.17893000e+02
2.70689000e+02
3.32418000e+02
4.05398000e+02
4.92644000e+02
5.98068000e+02
7.26636000e+02
8.84847000e+02
1.08127000e+03
1.32733000e+03
1.63866000e+03
2.03699000e+03
2.55319000e+03
3.23223000e+03
4.14123000e+03
5.38342000e+03
7.12376000e+03
9.62538000e+03
1.33015000e+04
1.88501000e+04
2.77028000e+04
4.38408000e+04
8.16156000e+04
1.97028000e+05
6.82451000e+05
4.41759000e+06
1.80602000e+02
2.27369000e+02
2.81605000e+02
3.45269000e+02
4.20702000e+02
5.11053000e+02
6.20341000e+02
7.53778000e+02
9.18133000e+02
1.12235000e+03
1.37840000e+03
1.70268000e+03
2.11800000e+03
2.65680000e+03
3.36637000e+03
4.31736000e+03
5.61846000e+03
7.44333000e+03
1.00663000e+04
1.39146000e+04
1.97191000e+04
2.90154000e+04
4.61616000e+04
8.67225000e+04
2.10611000e+05
7.30650000e+05
4.73032000e+06
1.92145000e+02
2.39715000e+02
2.95961000e+02
3.62231000e+02
4.40944000e+02
5.35397000e+02
6.49843000e+02
7.89773000e+02
9.62330000e+02
1.17696000e+03
1.44637000e+03
1.78792000e+03
2.22583000e+03
2.79464000e+03
3.54469000e+03
4.55127000e+03
5.93020000e+03
7.86664000e+03
1.06489000e+04
1.47223000e+04
2.08637000e+04
3.07597000e+04
4.92994000e+04
9.36646000e+04
2.29023000e+05
7.95904000e+05
5.15363000e+06
1.92231000e+02
2.39783000e+02
2.96017000e+02
3.62276000e+02
4.40982000e+02
5.35425000e+02
6.49862000e+02
7.89775000e+02
9.62331000e+02
1.17697000e+03
1.44637000e+03
1.78791000e+03
2.22582000e+03
2.79461000e+03
3.54464000e+03
4.55120000e+03
5.93011000e+03
7.86654000e+03
1.06488000e+04
1.47221000e+04
2.08634000e+04
3.07592000e+04
4.92988000e+04
9.36641000e+04
2.29023000e+05
7.95904000e+05
5.15363000e+06
1.80682000e+02
2.27426000e+02
2.81657000e+02
3.45308000e+02
4.20740000e+02
5.11076000e+02
6.20356000e+02
7.53782000e+02
9.18128000e+02
1.12234000e+03
1.37839000e+03
1.70268000e+03
2.11799000e+03
2.65678000e+03
3.36633000e+03
4.31731000e+03
5.61837000e+03
7.44324000e+03
1.00662000e+04
1.39144000e+04
1.97188000e+04
2.90149000e+04
4.61610000e+04
8.67220000e+04
2.10611000e+05
7.30650000e+05
4.73032000e+06
1.72208000e+02
2.17947000e+02
2.70736000e+02
3.32456000e+02
4.05430000e+02
4.92678000e+02
5.98085000e+02
7.26648000e+02
8.84863000e+02
1.08127000e+03
1.32733000e+03
1.63866000e+03
2.03698000e+03
2.55318000e+03
3.23221000e+03
4.14120000e+03
5.38338000e+03
7.12368000e+03
9.62526000e+03
1.33013000e+04
1.88498000e+04
2.77024000e+04
4.38402000e+04
8.16150000e+04
1.97028000e+05
6.82451000e+05
4.41759000e+06
1.66336000e+02
2.11197000e+02
2.62953000e+02
3.23323000e+02
3.94567000e+02
4.79627000e+02
5.82311000e+02
7.07447000e+02
8.61323000e+02
1.05222000e+03
1.29122000e+03
1.59340000e+03
1.97972000e+03
2.47997000e+03
3.13745000e+03
4.01681000e+03
5.21745000e+03
6.89798000e+03
9.31355000e+03
1.28671000e+04
1.82343000e+04
2.67785000e+04
4.22284000e+04
7.80876000e+04
1.87627000e+05
6.49054000e+05
4.20088000e+06
1.62522000e+02
2.06735000e+02
2.57800000e+02
3.17268000e+02
3.87367000e+02
4.70989000e+02
5.71870000e+02
6.94736000e+02
8.45748000e+02
1.03302000e+03
1.26735000e+03
1.56348000e+03
1.94188000e+03
2.43160000e+03
3.07486000e+03
3.93469000e+03
5.10791000e+03
6.74904000e+03
9.10771000e+03
1.25801000e+04
1.78271000e+04
2.61696000e+04
4.11764000e+04
7.57957000e+04
1.81511000e+05
6.27308000e+05
4.05974000e+06
1.60327000e+02
2.04130000e+02
2.54745000e+02
3.13676000e+02
3.83092000e+02
4.65865000e+02
5.65656000e+02
6.87193000e+02
8.36515000e+02
1.02162000e+03
1.25318000e+03
1.54573000e+03
1.91943000e+03
2.40290000e+03
3.03772000e+03
3.88595000e+03
5.04294000e+03
6.66069000e+03
8.98557000e+03
1.24096000e+04
1.75853000e+04
2.58088000e+04
4.05567000e+04
7.44500000e+04
1.77916000e+05
6.14520000e+05
3.97674000e+06
1.59350000e+02
2.02967000e+02
2.53375000e+02
3.12044000e+02
3.81141000e+02
4.63513000e+02
5.62812000e+02
6.83721000e+02
8.32279000e+02
1.01639000e+03
1.24668000e+03
1.53758000e+03
1.90912000e+03
2.38972000e+03
3.02068000e+03
3.86359000e+03
5.01310000e+03
6.62010000e+03
8.92946000e+03
1.23313000e+04
1.74740000e+04
2.56430000e+04
4.02729000e+04
7.38351000e+04
1.76273000e+05
6.08674000e+05
3.93879000e+06
1.59358000e+02
2.02912000e+02
2.53289000e+02
3.11926000e+02
3.80983000e+02
4.63317000e+02
5.62575000e+02
6.83424000e+02
8.31890000e+02
1.01590000e+03
1.24608000e+03
1.53682000e+03
1.90815000e+03
2.38847000e+03
3.01905000e+03
3.86145000e+03
5.01025000e+03
6.61617000e+03
8.92404000e+03
1.23236000e+04
1.74632000e+04
2.56268000e+04
4.02453000e+04
7.37755000e+04
1.76114000e+05
6.08111000e+05
3.93513000e+06
1.60040000e+02
2.03664000e+02
2.54123000e+02
3.12880000e+02
3.82093000e+02
4.64633000e+02
5.64164000e+02
6.85343000e+02
8.34234000e+02
1.01879000e+03
1.24965000e+03
1.54130000e+03
1.91380000e+03
2.39568000e+03
3.02836000e+03
3.87364000e+03
5.02649000e+03
6.63827000e+03
8.95456000e+03
1.23662000e+04
1.75236000e+04
2.57167000e+04
4.03991000e+04
7.41091000e+04
1.77007000e+05
6.11287000e+05
3.95575000e+06
1.61089000e+02
2.04832000e+02
2.55456000e+02
3.14430000e+02
3.83924000e+02
4.66813000e+02
5.66774000e+02
6.88513000e+02
8.38113000e+02
1.02357000e+03
1.25559000e+03
1.54871000e+03
1.92317000e+03
2.40764000e+03
3.04382000e+03
3.89390000e+03
5.05349000e+03
6.67498000e+03
9.00529000e+03
1.24370000e+04
1.76239000e+04
2.58662000e+04
4.06552000e+04
7.46649000e+04
1.78493000e+05
6.16578000e+05
3.99010000e+06
1.62170000e+02
2.06024000e+02
2.56838000e+02
3.16039000e+02
3.85819000e+02
4.69064000e+02
5.69488000e+02
6.91824000e+02
8.42166000e+02
1.02857000e+03
1.26179000e+03
1.55647000e+03
1.93297000e+03
2.42015000e+03
3.05999000e+03
3.91510000e+03
5.08174000e+03
6.71338000e+03
9.05832000e+03
1.25110000e+04
1.77289000e+04
2.60227000e+04
4.09237000e+04
7.52485000e+04
1.80053000e+05
6.22128000e+05
4.02614000e+06
1.62864000e+02
2.06821000e+02
2.57755000e+02
3.17104000e+02
3.87078000e+02
4.70576000e+02
5.71310000e+02
6.94022000e+02
8.44849000e+02
1.03189000e+03
1.26591000e+03
1.56164000e+03
1.93950000e+03
2.42849000e+03
3.07076000e+03
3.92921000e+03
5.10054000e+03
6.73891000e+03
9.09362000e+03
1.25602000e+04
1.77987000e+04
2.61268000e+04
4.11028000e+04
7.56379000e+04
1.81093000e+05
6.25831000e+05
4.05018000e+06
1.62848000e+02
2.06831000e+02
2.57751000e+02
3.17103000e+02
3.87078000e+02
4.70578000e+02
5.71313000e+02
6.94028000e+02
8.44863000e+02
1.03190000e+03
1.26592000e+03
1.56164000e+03
1.93950000e+03
2.42849000e+03
3.07076000e+03
3.92922000e+03
5.10056000e+03
6.73892000e+03
9.09361000e+03
1.25602000e+04
1.77987000e+04
2.61268000e+04
4.11028000e+04
7.56379000e+04
1.81093000e+05
6.25831000e+05
4.05018000e+06
1.62174000e+02
2.06026000e+02
2.56841000e+02
3.16038000e+02
3.85820000e+02
4.69078000e+02
5.69501000e+02
6.91817000e+02
8.42168000e+02
1.02856000e+03
1.26179000e+03
1.55648000e+03
1.93298000e+03
2.42016000e+03
3.06000000e+03
3.91511000e+03
5.08176000e+03
6.71336000e+03
9.05832000e+03
1.25110000e+04
1.77289000e+04
2.60226000e+04
4.09237000e+04
7.52484000e+04
1.80053000e+05
6.22128000e+05
4.02614000e+06
1.61114000e+02
2.04826000e+02
2.55459000e+02
3.14431000e+02
3.83923000e+02
4.66811000e+02
5.66772000e+02
6.88510000e+02
8.38103000e+02
1.02358000e+03
1.25559000e+03
1.54872000e+03
1.92318000e+03
2.40765000e+03
3.04383000e+03
3.89392000e+03
5.05351000e+03
6.67500000e+03
9.00530000e+03
1.24370000e+04
1.76239000e+04
2.58662000e+04
4.06551000e+04
7.46649000e+04
1.78493000e+05
6.16578000e+05
3.99010000e+06
1.60052000e+02
2.03656000e+02
2.54129000e+02
3.12884000e+02
3.82102000e+02
4.64640000e+02
5.64155000e+02
6.85333000e+02
8.34217000e+02
1.01879000e+03
1.24966000e+03
1.54130000e+03
1.91380000e+03
2.39568000e+03
3.02836000e+03
3.87365000e+03
5.02651000e+03
6.63830000e+03
8.95457000e+03
1.23662000e+04
1.75236000e+04
2.57167000e+04
4.03990000e+04
7.41090000e+04
1.77007000e+05
6.11287000e+05
3.95575000e+06
1.59381000e+02
2.02926000e+02
2.53299000e+02
3.11936000e+02
3.80993000e+02
4.63325000e+02
5.62574000e+02
6.83405000e+02
8.31882000e+02
1.01590000e+03
1.24607000e+03
1.53682000e+03
1.90815000e+03
2.38847000e+03
3.01905000e+03
3.86144000e+03
5.01024000e+03
6.61619000e+03
8.92407000e+03
1.23236000e+04
1.74632000e+04
2.56268000e+04
4.02452000e+04
7.37755000e+04
1.76114000e+05
6.08111000e+05
3.93513000e+06
1.59398000e+02
2.02987000e+02
2.53387000e+02
3.12059000e+02
3.81154000e+02
4.63529000e+02
5.62827000e+02
6.83718000e+02
8.32262000e+02
1.01639000e+03
1.24668000e+03
1.53757000e+03
1.90911000e+03
2.38971000e+03
3.02067000e+03
3.86359000e+03
5.01312000e+03
6.62010000e+03
8.92945000e+03
1.23312000e+04
1.74740000e+04
2.56429000e+04
4.02728000e+04
7.38350000e+04
1.76273000e+05
6.08674000e+05
3.93879000e+06
1.60335000e+02
2.04146000e+02
2.54770000e+02
3.13695000e+02
3.83101000e+02
4.65875000e+02
5.65673000e+02
6.87192000e+02
8.36512000e+02
1.02161000e+03
1.25318000e+03
1.54573000e+03
1.91942000e+03
2.40289000e+03
3.03772000e+03
3.88595000e+03
5.04294000e+03
6.66065000e+03
8.98555000e+03
1.24096000e+04
1.75852000e+04
2.58087000e+04
4.05565000e+04
7.44499000e+04
1.77916000e+05
6.14520000e+05
3.97674000e+06
1.62571000e+02
2.06779000e+02
2.57835000e+02
3.17294000e+02
3.87385000e+02
4.71006000e+02
5.71872000e+02
6.94738000e+02
8.45747000e+02
1.03301000e+03
1.26735000e+03
1.56348000e+03
1.94188000e+03
2.43160000e+03
3.07485000e+03
3.93467000e+03
5.10790000e+03
6.74901000e+03
9.10768000e+03
1.25800000e+04
1.78270000e+04
2.61695000e+04
4.11762000e+04
7.57955000e+04
1.81510000e+05
6.27308000e+05
4.05974000e+06
1.66426000e+02
2.11256000e+02
2.62999000e+02
3.23357000e+02
3.94591000e+02
4.79650000e+02
5.82320000e+02
7.07451000e+02
8.61330000e+02
1.05223000e+03
1.29123000e+03
1.59340000e+03
1.97972000e+03
2.47996000e+03
3.13744000e+03
4.01679000e+03
5.21742000e+03
6.89795000e+03
9.31351000e+03
1.28671000e+04
1.82342000e+04
2.67783000e+04
4.22282000e+04
7.80874000e+04
1.87627000e+05
6.49054000e+05
4.20088000e+06
1.72293000e+02
2.18009000e+02
2.70791000e+02
3.32499000e+02
4.05463000e+02
4.92699000e+02
5.98099000e+02
7.26649000e+02
8.84860000e+02
1.08128000e+03
1.32733000e+03
1.63865000e+03
2.03697000e+03
2.55317000e+03
3.23220000e+03
4.14119000e+03
5.38339000e+03
7.12367000e+03
9.62523000e+03
1.33013000e+04
1.88497000e+04
2.77022000e+04
4.38399000e+04
8.16147000e+04
1.97028000e+05
6.82451000e+05
4.41759000e+06
1.80764000e+02
2.27506000e+02
2.81720000e+02
3.45361000e+02
4.20780000e+02
5.11105000e+02
6.20377000e+02
7.53801000e+02
9.18147000e+02
1.12235000e+03
1.37840000e+03
1.70267000e+03
2.11798000e+03
2.65677000e+03
3.36632000e+03
4.31729000e+03
5.61836000e+03
7.44322000e+03
1.00661000e+04
1.39143000e+04
1.97187000e+04
2.90146000e+04
4.61606000e+04
8.67216000e+04
2.10611000e+05
7.30650000e+05
4.73032000e+06
1.92331000e+02
2.39870000e+02
2.96089000e+02
3.62332000e+02
4.41019000e+02
5.35441000e+02
6.49881000e+02
7.89797000e+02
9.62338000e+02
1.17697000e+03
1.44636000e+03
1.78790000e+03
2.22580000e+03
2.79459000e+03
3.54462000e+03
4.55118000e+03
5.93011000e+03
7.86652000e+03
1.06487000e+04
1.47220000e+04
2.08632000e+04
3.07589000e+04
4.92984000e+04
9.36637000e+04
2.29023000e+05
7.95904000e+05
5.15363000e+06
1.92136000e+02
2.39697000e+02
2.95944000e+02
3.62218000e+02
4.40937000e+02
5.35390000e+02
6.49848000e+02
7.89777000e+02
9.62330000e+02
1.17697000e+03
1.44637000e+03
1.78792000e+03
2.22584000e+03
2.79464000e+03
3.54468000e+03
4.55126000e+03
5.93021000e+03
7.86664000e+03
1.06489000e+04
1.47223000e+04
2.08637000e+04
3.07597000e+04
4.92995000e+04
9.36646000e+04
2.29023000e+05
7.95904000e+05
5.15363000e+06
1.80566000e+02
2.27320000e+02
2.81577000e+02
3.45246000e+02
4.20691000e+02
5.11031000e+02
6.20323000e+02
7.53774000e+02
9.18130000e+02
1.12234000e+03
1.37840000e+03
1.70269000e+03
2.11801000e+03
2.65681000e+03
3.36638000e+03
4.31738000e+03
5.61846000e+03
7.44333000e+03
1.00663000e+04
1.39146000e+04
1.97192000e+04
2.90154000e+04
4.61617000e+04
8.67226000e+04
2.10611000e+05
7.30650000e+05
4.73032000e+06
1.72145000e+02
2.17858000e+02
2.70658000e+02
3.32396000e+02
4.05383000e+02
4.92641000e+02
5.98054000e+02
7.26633000e+02
8.84851000e+02
1.08126000e+03
1.32733000e+03
1.63866000e+03
2.03699000e+03
2.55320000e+03
3.23223000e+03
4.14123000e+03
5.38344000e+03
7.12377000e+03
9.62536000e+03
1.33015000e+04
1.88501000e+04
2.77029000e+04
4.38408000e+04
8.16156000e+04
1.97028000e+05
6.82451000e+05
4.41759000e+06
1.66291000e+02
2.11113000e+02
2.62891000e+02
3.23269000e+02
3.94524000e+02
4.79600000e+02
5.82276000e+02
7.07427000e+02
8.61306000e+02
1.05222000e+03
1.29122000e+03
1.59341000e+03
1.97973000e+03
2.47998000e+03
3.13747000e+03
4.01684000e+03
5.21749000e+03
6.89808000e+03
9.31368000e+03
1.28673000e+04
1.82345000e+04
2.67789000e+04
4.22290000e+04
7.80881000e+04
1.87627000e+05
6.49055000e+05
4.20088000e+06
1.62475000e+02
2.06669000e+02
2.57740000e+02
3.17220000e+02
3.87323000e+02
4.70958000e+02
5.71845000e+02
6.94712000e+02
8.45750000e+02
1.03302000e+03
1.26736000e+03
1.56349000e+03
1.94190000e+03
2.43161000e+03
3.07487000e+03
3.93470000e+03
5.10794000e+03
6.74907000e+03
9.10777000e+03
1.25802000e+04
1.78273000e+04
2.61700000e+04
4.11769000e+04
7.57962000e+04
1.81511000e+05
6.27308000e+05
4.05974000e+06
1.60276000e+02
2.04064000e+02
2.54699000e+02
3.13634000e+02
3.83053000e+02
4.65838000e+02
5.65645000e+02
6.87175000e+02
8.36505000e+02
1.02162000e+03
1.25318000e+03
1.54573000e+03
1.91943000e+03
2.40291000e+03
3.03773000e+03
3.88597000e+03
5.04297000e+03
6.66074000e+03
8.98566000e+03
1.24097000e+04
1.75855000e+04
2.58091000e+04
4.05571000e+04
7.44504000e+04
1.77916000e+05
6.14520000e+05
3.97674000e+06
1.59312000e+02
2.02919000e+02
2.53328000e+02
3.12009000e+02
3.81113000e+02
4.63494000e+02
5.62804000e+02
6.83713000e+02
8.32250000e+02
1.01637000e+03
1.24668000e+03
1.53758000e+03
1.90912000e+03
2.38972000e+03
3.02067000e+03
3.86359000e+03
5.01311000e+03
6.62010000e+03
8.92949000e+03
1.23313000e+04
1.74742000e+04
2.56432000e+04
4.02733000e+04
7.38354000e+04
1.76273000e+05
6.08674000e+05
3.93879000e+06
1.59339000e+02
2.02872000e+02
2.53256000e+02
3.11897000e+02
3.80962000e+02
4.63298000e+02
5.62556000e+02
6.83406000e+02
8.31874000e+02
1.01589000e+03
1.24607000e+03
1.53681000e+03
1.90815000e+03
2.38847000e+03
3.01906000e+03
3.86146000e+03
5.01027000e+03
6.61621000e+03
8.92406000e+03
1.23237000e+04
1.74633000e+04
2.56270000e+04
4.02456000e+04
7.37758000e+04
1.76115000e+05
6.08111000e+05
3.93513000e+06
1.60032000e+02
2.03628000e+02
2.54088000e+02
3.12856000e+02
3.82081000e+02
4.64624000e+02
5.64138000e+02
6.85328000e+02
8.34215000e+02
1.01879000e+03
1.24966000e+03
1.54129000e+03
1.91380000e+03
2.39568000e+03
3.02836000e+03
3.87365000e+03
5.02651000e+03
6.63829000e+03
8.95459000e+03
1.23663000e+04
1.75237000e+04
2.57169000e+04
4.03993000e+04
7.41093000e+04
1.77007000e+05
6.11287000e+05
3.95575000e+06
1.61057000e+02
2.04794000e+02
2.55432000e+02
3.14409000e+02
3.83908000e+02
4.66801000e+02
5.66756000e+02
6.88506000e+02
8.38106000e+02
1.02356000e+03
1.25559000e+03
1.54871000e+03
1.92317000e+03
2.40764000e+03
3.04382000e+03
3.89391000e+03
5.05350000e+03
6.67499000e+03
9.00528000e+03
1.24370000e+04
1.76240000e+04
2.58663000e+04
4.06553000e+04
7.46651000e+04
1.78493000e+05
6.16578000e+05
3.99010000e+06
1.62128000e+02
2.06011000e+02
2.56815000e+02
3.16021000e+02
3.85810000e+02
4.69070000e+02
5.69495000e+02
6.91812000e+02
8.42164000e+02
1.02857000e+03
1.26178000e+03
1.55647000e+03
1.93297000e+03
2.42015000e+03
3.05999000e+03
3.91510000e+03
5.08174000e+03
6.71336000e+03
9.05834000e+03
1.25110000e+04
1.77289000e+04
2.60227000e+04
4.09239000e+04
7.52486000e+04
1.80053000e+05
6.22128000e+05
4.02614000e+06
1.62851000e+02
2.06802000e+02
2.57735000e+02
3.17089000e+02
3.87071000e+02
4.70576000e+02
5.71313000e+02
6.94024000e+02
8.44848000e+02
1.03188000e+03
1.26590000e+03
1.56163000e+03
1.93949000e+03
2.42848000e+03
3.07075000e+03
3.92920000e+03
5.10053000e+03
6.73890000e+03
9.09360000e+03
1.25602000e+04
1.77987000e+04
2.61269000e+04
4.11029000e+04
7.56380000e+04
1.81093000e+05
6.25831000e+05
4.05018000e+06
1.62857000e+02
2.06818000e+02
2.57737000e+02
3.17091000e+02
3.87069000e+02
4.70571000e+02
5.71299000e+02
6.94024000e+02
8.44855000e+02
1.03189000e+03
1.26591000e+03
1.56163000e+03
1.93949000e+03
2.42847000e+03
3.07074000e+03
3.92920000e+03
5.10052000e+03
6.73889000e+03
9.09359000e+03
1.25602000e+04
1.77986000e+04
2.61268000e+04
4.11029000e+04
7.56380000e+04
1.81093000e+05
6.25831000e+05
4.05018000e+06
1.62160000e+02
2.06027000e+02
2.56830000e+02
3.16029000e+02
3.85811000e+02
4.69060000e+02
5.69486000e+02
6.91821000e+02
8.42159000e+02
1.02856000e+03
1.26178000e+03
1.55646000e+03
1.93296000e+03
2.42015000e+03
3.05998000e+03
3.91509000e+03
5.08173000e+03
6.71335000e+03
9.05832000e+03
1.25110000e+04
1.77288000e+04
2.60227000e+04
4.09238000e+04
7.52485000e+04
1.80053000e+05
6.22128000e+05
4.02614000e+06
1.61080000e+02
2.04815000e+02
2.55448000e+02
3.14424000e+02
3.83912000e+02
4.66809000e+02
5.66761000e+02
6.88501000e+02
8.38108000e+02
1.02356000e+03
1.25558000e+03
1.54871000e+03
1.92316000e+03
2.40763000e+03
3.04381000e+03
3.89389000e+03
5.05347000e+03
6.67495000e+03
9.00529000e+03
1.24370000e+04
1.76239000e+04
2.58662000e+04
4.06552000e+04
7.46649000e+04
1.78493000e+05
6.16578000e+05
3.99010000e+06
1.60052000e+02
2.03647000e+02
2.54118000e+02
3.12879000e+02
3.82093000e+02
4.64640000e+02
5.64164000e+02
6.85343000e+02
8.34236000e+02
1.01880000e+03
1.24966000e+03
1.54129000e+03
1.91379000e+03
2.39567000e+03
3.02834000e+03
3.87362000e+03
5.02647000e+03
6.63825000e+03
8.95454000e+03
1.23662000e+04
1.75236000e+04
2.57167000e+04
4.03990000e+04
7.41090000e+04
1.77007000e+05
6.11287000e+05
3.95575000e+06
1.59397000e+02
2.02918000e+02
2.53297000e+02
3.11931000e+02
3.80984000e+02
4.63325000e+02
5.62577000e+02
6.83411000e+02
8.31891000e+02
1.01591000e+03
1.24608000e+03
1.53681000e+03
1.90814000e+03
2.38846000e+03
3.01903000e+03
3.86142000e+03
5.01021000e+03
6.61615000e+03
8.92403000e+03
1.23236000e+04
1.74632000e+04
2.56268000e+04
4.02452000e+04
7.37755000e+04
1.76114000e+05
6.08111000e+05
3.93513000e+06
1.59397000e+02
2.02982000e+02
2.53383000e+02
3.12056000e+02
3.81152000e+02
4.63526000e+02
5.62831000e+02
6.83735000e+02
8.32274000e+02
1.01639000e+03
1.24667000e+03
1.53757000e+03
1.90911000e+03
2.38970000e+03
3.02065000e+03
3.86357000e+03
5.01310000e+03
6.62008000e+03
8.92944000e+03
1.23312000e+04
1.74740000e+04
2.56429000e+04
4.02728000e+04
7.38349000e+04
1.76273000e+05
6.08674000e+05
3.93879000e+06
1.60349000e+02
2.04146000e+02
2.54772000e+02
3.13694000e+02
3.83106000e+02
4.65874000e+02
5.65668000e+02
6.87186000e+02
8.36505000e+02
1.02160000e+03
1.25317000e+03
1.54571000e+03
1.91941000e+03
2.40288000e+03
3.03770000e+03
3.88593000e+03
5.04292000e+03
6.66065000e+03
8.98553000e+03
1.24095000e+04
1.75852000e+04
2.58086000e+04
4.05565000e+04
7.44498000e+04
1.77916000e+05
6.14520000e+05
3.97674000e+06
1.62567000e+02
2.06788000e+02
2.57832000e+02
3.17295000e+02
3.87380000e+02
4.71000000e+02
5.71866000e+02
6.94742000e+02
8.45760000e+02
1.03302000e+03
1.26735000e+03
1.56347000e+03
1.94187000e+03
2.43158000e+03
3.07484000e+03
3.93465000e+03
5.10787000e+03
6.74897000e+03
9.10765000e+03
1.25800000e+04
1.78270000e+04
2.61695000e+04
4.11762000e+04
7.57955000e+04
1.81510000e+05
6.27308000e+05
4.05974000e+06
1.66421000e+02
2.11250000e+02
2.63004000e+02
3.23362000e+02
3.94596000e+02
4.79654000e+02
5.82323000e+02
7.07450000e+02
8.61320000e+02
1.05222000e+03
1.29121000e+03
1.59338000e+03
1.97970000e+03
2.47994000e+03
3.13741000e+03
4.01678000e+03
5.21743000e+03
6.89797000e+03
9.31351000e+03
1.28671000e+04
1.82341000e+04
2.67783000e+04
4.22281000e+04
7.80873000e+04
1.87627000e+05
6.49054000e+05
4.20088000e+06
1.72294000e+02
2.18022000e+02
2.70798000e+02
3.32505000e+02
4.05466000e+02
4.92693000e+02
5.98094000e+02
7.26664000e+02
8.84868000e+02
1.08127000e+03
1.32732000e+03
1.63864000e+03
2.03696000e+03
2.55315000e+03
3.23217000e+03
4.14115000e+03
5.38333000e+03
7.12361000e+03
9.62517000e+03
1.33012000e+04
1.88497000e+04
2.77022000e+04
4.38399000e+04
8.16147000e+04
1.97028000e+05
6.82451000e+05
4.41759000e+06
1.80767000e+02
2.27515000e+02
2.81729000e+02
3.45367000e+02
4.20780000e+02
5.11097000e+02
6.20378000e+02
7.53801000e+02
9.18146000e+02
1.12235000e+03
1.37839000e+03
1.70267000e+03
2.11797000e+03
2.65677000e+03
3.36632000e+03
4.31730000e+03
5.61835000e+03
7.44321000e+03
1.00661000e+04
1.39143000e+04
1.97186000e+04
2.90146000e+04
4.61606000e+04
8.67216000e+04
2.10611000e+05
7.30650000e+05
4.73032000e+06
1.92338000e+02
2.39881000e+02
2.96098000e+02
3.62336000e+02
4.41021000e+02
5.35440000e+02
6.49876000e+02
7.89782000e+02
9.62333000e+02
1.17697000e+03
1.44636000e+03
1.78790000e+03
2.22580000e+03
2.79459000e+03
3.54462000e+03
4.55119000e+03
5.93010000e+03
7.86652000e+03
1.06487000e+04
1.47220000e+04
2.08632000e+04
3.07589000e+04
4.92984000e+04
9.36637000e+04
2.29023000e+05
7.95904000e+05
5.15363000e+06
1.64128000e+02
1.53984000e+02
1.46616000e+02
1.41136000e+02
1.37316000e+02
1.34873000e+02
1.33541000e+02
1.33082000e+02
1.33259000e+02
1.33823000e+02
1.34498000e+02
1.34975000e+02
1.35003000e+02
1.34524000e+02
1.33848000e+02
1.33294000e+02
1.33130000e+02
1.33605000e+02
1.34955000e+02
1.37424000e+02
1.41293000e+02
1.46790000e+02
1.54211000e+02
1.64315000e+02
1.53997000e+02
1.43457000e+02
1.35439000e+02
1.29419000e+02
1.25017000e+02
1.21921000e+02
1.19886000e+02
1.18702000e+02
1.18171000e+02
1.18096000e+02
1.18265000e+02
1.18446000e+02
1.18453000e+02
1.18279000e+02
1.18120000e+02
1.18207000e+02
1.18750000e+02
1.19950000e+02
1.22003000e+02
1.25124000e+02
1.29576000e+02
1.35632000e+02
1.43692000e+02
1.54214000e+02
1.46596000e+02
1.35421000e+02
1.26719000e+02
1.20086000e+02
1.15096000e+02
1.11411000e+02
1.08780000e+02
1.07002000e+02
1.05905000e+02
1.05325000e+02
1.05100000e+02
1.05061000e+02
1.05063000e+02
1.05114000e+02
1.05348000e+02
1.05938000e+02
1.07047000e+02
1.08839000e+02
1.11488000e+02
1.15196000e+02
1.20214000e+02
1.26881000e+02
1.35623000e+02
1.46813000e+02
1.41099000e+02
1.29384000e+02
1.20069000e+02
1.12828000e+02
1.07257000e+02
1.03018000e+02
9.98559000e+01
9.75725000e+01
9.60076000e+01
9.50191000e+01
9.44809000e+01
9.42650000e+01
9.42685000e+01
9.44926000e+01
9.50386000e+01
9.60345000e+01
9.76108000e+01
9.99080000e+01
1.03088000e+02
1.07348000e+02
1.12946000e+02
1.20223000e+02
1.29578000e+02
1.41311000e+02
1.37264000e+02
1.24966000e+02
1.15064000e+02
1.07242000e+02
1.01122000e+02
9.63704000e+01
9.27331000e+01
9.00135000e+01
8.80700000e+01
8.67342000e+01
8.59437000e+01
8.55870000e+01
8.55892000e+01
8.59510000e+01
8.67467000e+01
8.80760000e+01
9.00420000e+01
9.27753000e+01
9.64293000e+01
1.01202000e+02
1.07352000e+02
1.15210000e+02
1.25154000e+02
1.37473000e+02
1.34808000e+02
1.21859000e+02
1.11367000e+02
1.02991000e+02
9.63577000e+01
9.11405000e+01
8.70825000e+01
8.39851000e+01
8.17193000e+01
8.01228000e+01
7.91250000e+01
7.86575000e+01
7.86577000e+01
7.91295000e+01
8.01170000e+01
8.17204000e+01
8.40026000e+01
8.71113000e+01
9.11876000e+01
9.64283000e+01
1.03091000e+02
1.11505000e+02
1.22041000e+02
1.35015000e+02
1.33471000e+02
1.19816000e+02
1.08726000e+02
9.98182000e+01
9.27098000e+01
8.70719000e+01
8.26647000e+01
7.92389000e+01
7.66677000e+01
7.48458000e+01
7.36800000e+01
7.31219000e+01
7.31131000e+01
7.36742000e+01
7.48366000e+01
7.66675000e+01
7.92397000e+01
8.26583000e+01
8.71070000e+01
9.27709000e+01
9.99108000e+01
1.08858000e+02
1.19992000e+02
1.33673000e+02
1.33005000e+02
1.18625000e+02
1.06941000e+02
9.75269000e+01
8.99805000e+01
8.39638000e+01
7.92297000e+01
7.55232000e+01
7.26999000e+01
7.07068000e+01
6.93923000e+01
6.87811000e+01
6.87806000e+01
6.94114000e+01
7.07000000e+01
7.27216000e+01
7.55294000e+01
7.92174000e+01
8.39911000e+01
9.00349000e+01
9.76139000e+01
1.07070000e+02
1.18801000e+02
1.33207000e+02
1.33180000e+02
1.18091000e+02
1.05839000e+02
9.59559000e+01
8.80158000e+01
8.16670000e+01
7.66476000e+01
7.27174000e+01
6.97222000e+01
6.75581000e+01
6.61565000e+01
6.54658000e+01
6.54630000e+01
6.61444000e+01
6.75297000e+01
6.96937000e+01
7.27117000e+01
7.66559000e+01
8.17016000e+01
8.80815000e+01
9.60529000e+01
1.05988000e+02
1.18287000e+02
1.33380000e+02
1.33742000e+02
1.18014000e+02
1.05257000e+02
9.49657000e+01
8.66903000e+01
8.00633000e+01
7.47991000e+01
7.06944000e+01
6.75536000e+01
6.52771000e+01
6.37915000e+01
6.30554000e+01
6.30504000e+01
6.37825000e+01
6.52632000e+01
6.75372000e+01
7.06890000e+01
7.48032000e+01
8.01026000e+01
8.67497000e+01
9.50405000e+01
1.05379000e+02
1.18205000e+02
1.33945000e+02
1.34418000e+02
1.18181000e+02
1.05031000e+02
9.44254000e+01
8.58969000e+01
7.90640000e+01
7.36312000e+01
6.93742000e+01
6.61233000e+01
6.37787000e+01
6.22415000e+01
6.14736000e+01
6.14739000e+01
6.22261000e+01
6.37509000e+01
6.61318000e+01
6.93852000e+01
7.36548000e+01
7.91048000e+01
8.59568000e+01
9.45009000e+01
1.05173000e+02
1.18370000e+02
1.34607000e+02
1.34891000e+02
1.18364000e+02
1.04990000e+02
9.42079000e+01
8.55382000e+01
7.85922000e+01
7.30693000e+01
6.87564000e+01
6.54443000e+01
6.30217000e+01
6.14562000e+01
6.06661000e+01
6.06844000e+01
6.14415000e+01
6.30304000e+01
6.54326000e+01
6.87216000e+01
7.30802000e+01
7.86259000e+01
8.55755000e+01
9.43043000e+01
1.05127000e+02
1.18548000e+02
1.35079000e+02
1.34892000e+02
1.18367000e+02
1.04993000e+02
9.42104000e+01
8.55397000e+01
7.85925000e+01
7.30685000e+01
6.87515000e+01
6.54470000e+01
6.30190000e+01
6.14405000e+01
6.06596000e+01
6.06744000e+01
6.14529000e+01
6.30172000e+01
6.54289000e+01
6.87322000e+01
7.30559000e+01
7.86177000e+01
8.55961000e+01
9.43052000e+01
1.05106000e+02
1.18529000e+02
1.35097000e+02
1.34426000e+02
1.18192000e+02
1.05040000e+02
9.44329000e+01
8.59013000e+01
7.90653000e+01
7.36318000e+01
6.93916000e+01
6.61393000e+01
6.37711000e+01
6.22020000e+01
6.14313000e+01
6.14300000e+01
6.22076000e+01
6.37561000e+01
6.61172000e+01
6.93684000e+01
7.36187000e+01
7.90712000e+01
8.59344000e+01
9.45288000e+01
1.05175000e+02
1.18372000e+02
1.34614000e+02
1.33760000e+02
1.18031000e+02
1.05273000e+02
9.49776000e+01
8.66973000e+01
8.00644000e+01
7.47936000e+01
7.06659000e+01
6.75346000e+01
6.52547000e+01
6.37607000e+01
6.30011000e+01
6.29945000e+01
6.37281000e+01
6.52350000e+01
6.75204000e+01
7.06719000e+01
7.48085000e+01
8.00942000e+01
8.67310000e+01
9.50701000e+01
1.05386000e+02
1.18192000e+02
1.33963000e+02
1.33205000e+02
1.18115000e+02
1.05860000e+02
9.59719000e+01
8.80248000e+01
8.16667000e+01
7.66231000e+01
7.26912000e+01
6.96760000e+01
6.75088000e+01
6.61208000e+01
6.54195000e+01
6.53980000e+01
6.60835000e+01
6.74899000e+01
6.96811000e+01
7.26844000e+01
7.66328000e+01
8.16917000e+01
8.80744000e+01
9.60594000e+01
1.05999000e+02
1.18300000e+02
1.33411000e+02
1.33036000e+02
1.18656000e+02
1.06968000e+02
9.75469000e+01
8.99919000e+01
8.39647000e+01
7.92195000e+01
7.55010000e+01
7.26881000e+01
7.06627000e+01
6.93617000e+01
6.87376000e+01
6.87292000e+01
6.93414000e+01
7.06388000e+01
7.26708000e+01
7.54818000e+01
7.92019000e+01
8.39858000e+01
9.00381000e+01
9.76281000e+01
1.07093000e+02
1.18829000e+02
1.33231000e+02
1.33507000e+02
1.19852000e+02
1.08758000e+02
9.98425000e+01
9.27252000e+01
8.70756000e+01
8.26407000e+01
7.92076000e+01
7.66309000e+01
7.47973000e+01
7.36302000e+01
7.30733000e+01
7.30765000e+01
7.36219000e+01
7.47736000e+01
7.66048000e+01
7.91860000e+01
8.26307000e+01
8.70904000e+01
9.27656000e+01
9.99164000e+01
1.08872000e+02
1.20013000e+02
1.33695000e+02
1.34853000e+02
1.21902000e+02
1.11406000e+02
1.03023000e+02
9.63818000e+01
9.11562000e+01
8.70760000e+01
8.39641000e+01
8.16641000e+01
8.00595000e+01
7.90589000e+01
7.85899000e+01
7.86113000e+01
7.90599000e+01
8.00599000e+01
8.16653000e+01
8.39688000e+01
8.70883000e+01
9.11754000e+01
9.64277000e+01
1.03102000e+02
1.11525000e+02
1.22067000e+02
1.35044000e+02
1.37317000e+02
1.25019000e+02
1.15114000e+02
1.07287000e+02
1.01157000e+02
9.63923000e+01
9.27382000e+01
9.00046000e+01
8.80364000e+01
8.67086000e+01
8.59139000e+01
8.55583000e+01
8.55725000e+01
8.59195000e+01
8.67168000e+01
8.80476000e+01
9.00206000e+01
9.27620000e+01
9.64263000e+01
1.01210000e+02
1.07371000e+02
1.15239000e+02
1.25190000e+02
1.37514000e+02
1.41168000e+02
1.29452000e+02
1.20135000e+02
1.12902000e+02
1.07327000e+02
1.03065000e+02
9.98761000e+01
9.75813000e+01
9.60082000e+01
9.50163000e+01
9.44753000e+01
9.42590000e+01
9.42640000e+01
9.44846000e+01
9.50308000e+01
9.60280000e+01
9.76080000e+01
9.99115000e+01
1.03100000e+02
1.07370000e+02
1.12978000e+02
1.20265000e+02
1.29628000e+02
1.41367000e+02
1.46700000e+02
1.35523000e+02
1.26804000e+02
1.20154000e+02
1.15156000e+02
1.11461000e+02
1.08820000e+02
1.07035000e+02
1.05933000e+02
1.05350000e+02
1.05124000e+02
1.05087000e+02
1.05098000e+02
1.05134000e+02
1.05369000e+02
1.05959000e+02
1.07070000e+02
1.08866000e+02
1.11522000e+02
1.15237000e+02
1.20264000e+02
1.26941000e+02
1.35691000e+02
1.46890000e+02
1.54076000e+02
1.43557000e+02
1.35533000e+02
1.29505000e+02
1.25096000e+02
1.21994000e+02
1.19955000e+02
1.18768000e+02
1.18232000e+02
1.18155000e+02
1.18323000e+02
1.18507000e+02
1.18510000e+02
1.18335000e+02
1.18175000e+02
1.18261000e+02
1.18805000e+02
1.20006000e+02
1.22063000e+02
1.25187000e+02
1.29627000e+02
1.35691000e+02
1.43762000e+02
1.54309000e+02
1.64199000e+02
1.54093000e+02
1.46724000e+02
1.41240000e+02
1.37415000e+02
1.34971000e+02
1.33656000e+02
1.33190000e+02
1.33350000e+02
1.33914000e+02
1.34589000e+02
1.35062000e+02
1.35063000e+02
1.34600000e+02
1.33934000e+02
1.33379000e+02
1.33214000e+02
1.33689000e+02
1.35040000e+02
1.37510000e+02
1.41365000e+02
1.46889000e+02
1.54309000e+02
1.64450000e+02
)
