/*--------------------------------*- C++ -*----------------------------------*\
| =========                 |                                                 |
| \\      /  F ield         | OpenFOAM: The Open Source CFD Toolbox           |
|  \\    /   O peration     | Version:  2512                                  |
|   \\  /    A nd           | Website:  www.openfoam.com                      |
|    \\/     M anipulation  |                                                 |
\*---------------------------------------------------------------------------*/
FoamFile
{
    version     2.0;
    format      ascii;
    arch        "LSB;label=32;scalar=64";
    note        "face data";
    class       vectorField;
    location    "/home/khoi/Desktop/PressureStraight/MeshIndependenceStudy/Fine/postProcessing/outletSample/outlet";
    object      points;
}
// * * * * * * * * * * * * * * * * * * * * * * * * * * * * * * * * * * * * * //


3168
(
(-0.0236177 -0.0223553 8.32)
(-0.0241942 -0.0204323 8.32)
(-0.0248158 -0.0185132 8.32)
(-0.0254942 -0.0166041 8.32)
(-0.0262098 -0.014702 8.32)
(-0.0269357 -0.0128001 8.32)
(-0.0276466 -0.0108909 8.32)
(-0.0283171 -0.00896665 8.32)
(-0.0289202 -0.00702041 8.32)
(-0.0294257 -0.0050469 8.32)
(-0.029799 -0.00304452 8.32)
(-0.030002 -0.00101813 8.32)
(-0.030002 0.00101813 8.32)
(-0.029799 0.00304452 8.32)
(-0.0294257 0.0050469 8.32)
(-0.0289202 0.00702041 8.32)
(-0.0283171 0.00896665 8.32)
(-0.0276466 0.0108909 8.32)
(-0.0269357 0.0128001 8.32)
(-0.0262098 0.014702 8.32)
(-0.0254942 0.0166041 8.32)
(-0.0248158 0.0185132 8.32)
(-0.0241942 0.0204323 8.32)
(-0.0236177 0.0223553 8.32)
(-0.0260164 -0.0245596 8.32)
(-0.0268724 -0.0225314 8.32)
(-0.0277372 -0.0204826 8.32)
(-0.0286187 -0.0184201 8.32)
(-0.0294994 -0.0163436 8.32)
(-0.0303557 -0.0142495 8.32)
(-0.0311655 -0.0121339 8.32)
(-0.0319068 -0.00999254 8.32)
(-0.0325563 -0.00782199 8.32)
(-0.0330882 -0.00562022 8.32)
(-0.0334734 -0.00338827 8.32)
(-0.0336797 -0.00113259 8.32)
(-0.0336797 0.00113259 8.32)
(-0.0334734 0.00338827 8.32)
(-0.0330882 0.00562022 8.32)
(-0.0325563 0.00782199 8.32)
(-0.0319068 0.00999254 8.32)
(-0.0311655 0.0121339 8.32)
(-0.0303557 0.0142495 8.32)
(-0.0294994 0.0163436 8.32)
(-0.0286187 0.0184201 8.32)
(-0.0277372 0.0204826 8.32)
(-0.0268724 0.0225314 8.32)
(-0.0260164 0.0245596 8.32)
(-0.0280189 -0.0263997 8.32)
(-0.0291077 -0.0242833 8.32)
(-0.0301749 -0.022126 8.32)
(-0.0312257 -0.0199354 8.32)
(-0.032244 -0.0177133 8.32)
(-0.0332091 -0.0154588 8.32)
(-0.0341014 -0.013171 8.32)
(-0.0349018 -0.0108485 8.32)
(-0.03559 -0.00849078 8.32)
(-0.036144 -0.00609857 8.32)
(-0.0365391 -0.00367507 8.32)
(-0.0367482 -0.00122808 8.32)
(-0.0367482 0.00122808 8.32)
(-0.0365391 0.00367507 8.32)
(-0.036144 0.00609857 8.32)
(-0.03559 0.00849078 8.32)
(-0.0349018 0.0108485 8.32)
(-0.0341014 0.013171 8.32)
(-0.0332091 0.0154588 8.32)
(-0.032244 0.0177133 8.32)
(-0.0312257 0.0199354 8.32)
(-0.0301749 0.022126 8.32)
(-0.0291077 0.0242833 8.32)
(-0.0280189 0.0263997 8.32)
(-0.0296894 -0.0279348 8.32)
(-0.0309722 -0.0257446 8.32)
(-0.0322082 -0.0234967 8.32)
(-0.0334 -0.0211992 8.32)
(-0.034533 -0.0188556 8.32)
(-0.0355888 -0.0164674 8.32)
(-0.0365499 -0.0140359 8.32)
(-0.0373995 -0.0115623 8.32)
(-0.0381201 -0.00904855 8.32)
(-0.0386925 -0.0064975 8.32)
(-0.0390959 -0.00391426 8.32)
(-0.0393072 -0.00130772 8.32)
(-0.0393072 0.00130772 8.32)
(-0.0390959 0.00391426 8.32)
(-0.0386925 0.0064975 8.32)
(-0.0381201 0.00904855 8.32)
(-0.0373995 0.0115623 8.32)
(-0.0365499 0.0140359 8.32)
(-0.0355888 0.0164674 8.32)
(-0.034533 0.0188556 8.32)
(-0.0334 0.0211992 8.32)
(-0.0322082 0.0234967 8.32)
(-0.0309722 0.0257446 8.32)
(-0.0296894 0.0279348 8.32)
(-0.0310824 -0.029215 8.32)
(-0.032527 -0.0269632 8.32)
(-0.0339035 -0.0246396 8.32)
(-0.0352129 -0.0222529 8.32)
(-0.0364416 -0.019808 8.32)
(-0.0375729 -0.0173083 8.32)
(-0.0385914 -0.014757 8.32)
(-0.0394821 -0.0121575 8.32)
(-0.0402296 -0.00951359 8.32)
(-0.0408174 -0.00683012 8.32)
(-0.0412276 -0.00411369 8.32)
(-0.0414409 -0.00137413 8.32)
(-0.0414409 0.00137413 8.32)
(-0.0412276 0.00411369 8.32)
(-0.0408174 0.00683012 8.32)
(-0.0402296 0.00951359 8.32)
(-0.0394821 0.0121575 8.32)
(-0.0385914 0.014757 8.32)
(-0.0375729 0.0173083 8.32)
(-0.0364416 0.019808 8.32)
(-0.0352129 0.0222529 8.32)
(-0.0339035 0.0246396 8.32)
(-0.032527 0.0269632 8.32)
(-0.0310824 0.029215 8.32)
(-0.0322439 -0.0302823 8.32)
(-0.0338232 -0.0279791 8.32)
(-0.0353169 -0.0255924 8.32)
(-0.0367243 -0.0231314 8.32)
(-0.0380326 -0.020602 8.32)
(-0.039227 -0.0180093 8.32)
(-0.0402933 -0.0153582 8.32)
(-0.0412182 -0.0126537 8.32)
(-0.0419882 -0.00990128 8.32)
(-0.0425888 -0.00710741 8.32)
(-0.0430048 -0.00427994 8.32)
(-0.0432196 -0.00142948 8.32)
(-0.0432196 0.00142948 8.32)
(-0.0430048 0.00427994 8.32)
(-0.0425888 0.00710741 8.32)
(-0.0419882 0.00990128 8.32)
(-0.0412182 0.0126537 8.32)
(-0.0402933 0.0153582 8.32)
(-0.039227 0.0180093 8.32)
(-0.0380326 0.020602 8.32)
(-0.0367243 0.0231314 8.32)
(-0.0353169 0.0255924 8.32)
(-0.0338232 0.0279791 8.32)
(-0.0322439 0.0302823 8.32)
(-0.0332121 -0.031172 8.32)
(-0.0349037 -0.0288259 8.32)
(-0.0364951 -0.0263867 8.32)
(-0.0379841 -0.0238636 8.32)
(-0.0393589 -0.0212639 8.32)
(-0.0406057 -0.0185936 8.32)
(-0.0417119 -0.0158593 8.32)
(-0.0426654 -0.0130672 8.32)
(-0.0434541 -0.0102244 8.32)
(-0.0440654 -0.00733855 8.32)
(-0.0444861 -0.00441853 8.32)
(-0.0447023 -0.00147563 8.32)
(-0.0447023 0.00147563 8.32)
(-0.0444861 0.00441853 8.32)
(-0.0440654 0.00733855 8.32)
(-0.0434541 0.0102244 8.32)
(-0.0426654 0.0130672 8.32)
(-0.0417119 0.0158593 8.32)
(-0.0406057 0.0185936 8.32)
(-0.0393589 0.0212639 8.32)
(-0.0379841 0.0238636 8.32)
(-0.0364951 0.0263867 8.32)
(-0.0349037 0.0288259 8.32)
(-0.0332121 0.031172 8.32)
(-0.0340191 -0.0319136 8.32)
(-0.0358044 -0.0295318 8.32)
(-0.0374771 -0.0270487 8.32)
(-0.0390342 -0.024474 8.32)
(-0.0404644 -0.0218155 8.32)
(-0.041755 -0.0190807 8.32)
(-0.0428944 -0.016277 8.32)
(-0.0438717 -0.013412 8.32)
(-0.0446759 -0.0104938 8.32)
(-0.0452962 -0.00753121 8.32)
(-0.0457209 -0.00453404 8.32)
(-0.0459381 -0.00151409 8.32)
(-0.0459381 0.00151409 8.32)
(-0.0457209 0.00453404 8.32)
(-0.0452962 0.00753121 8.32)
(-0.0446759 0.0104938 8.32)
(-0.0438717 0.013412 8.32)
(-0.0428944 0.016277 8.32)
(-0.041755 0.0190807 8.32)
(-0.0404644 0.0218155 8.32)
(-0.0390342 0.024474 8.32)
(-0.0374771 0.0270487 8.32)
(-0.0358044 0.0295318 8.32)
(-0.0340191 0.0319136 8.32)
(-0.0346917 -0.0325318 8.32)
(-0.036555 -0.0301201 8.32)
(-0.0382956 -0.0276005 8.32)
(-0.0399094 -0.0249827 8.32)
(-0.0413857 -0.0222753 8.32)
(-0.0427128 -0.0194866 8.32)
(-0.0438799 -0.0166251 8.32)
(-0.044877 -0.0136993 8.32)
(-0.0456943 -0.0107183 8.32)
(-0.046322 -0.00769178 8.32)
(-0.04675 -0.00463032 8.32)
(-0.0469681 -0.00154615 8.32)
(-0.0469681 0.00154615 8.32)
(-0.04675 0.00463032 8.32)
(-0.046322 0.00769178 8.32)
(-0.0456943 0.0107183 8.32)
(-0.044877 0.0136993 8.32)
(-0.0438799 0.0166251 8.32)
(-0.0427128 0.0194866 8.32)
(-0.0413857 0.0222753 8.32)
(-0.0399094 0.0249827 8.32)
(-0.0382956 0.0276005 8.32)
(-0.036555 0.0301201 8.32)
(-0.0346917 0.0325318 8.32)
(-0.0352524 -0.0330469 8.32)
(-0.0371807 -0.0306105 8.32)
(-0.0389778 -0.0280604 8.32)
(-0.0406389 -0.0254066 8.32)
(-0.0421536 -0.0226585 8.32)
(-0.0435111 -0.019825 8.32)
(-0.0447013 -0.0169152 8.32)
(-0.0457149 -0.0139388 8.32)
(-0.0465431 -0.0109054 8.32)
(-0.0471769 -0.00782561 8.32)
(-0.0476077 -0.00471056 8.32)
(-0.0478266 -0.00157286 8.32)
(-0.0478266 0.00157286 8.32)
(-0.0476077 0.00471056 8.32)
(-0.0471769 0.00782561 8.32)
(-0.0465431 0.0109054 8.32)
(-0.0457149 0.0139388 8.32)
(-0.0447013 0.0169152 8.32)
(-0.0435111 0.019825 8.32)
(-0.0421536 0.0226585 8.32)
(-0.0406389 0.0254066 8.32)
(-0.0389778 0.0280604 8.32)
(-0.0371807 0.0306105 8.32)
(-0.0352524 0.0330469 8.32)
(-0.0357196 -0.0334763 8.32)
(-0.0377021 -0.0310192 8.32)
(-0.0395464 -0.0284436 8.32)
(-0.0412468 -0.02576 8.32)
(-0.0427936 -0.0229779 8.32)
(-0.0441764 -0.020107 8.32)
(-0.0453859 -0.017157 8.32)
(-0.0464133 -0.0141383 8.32)
(-0.0472504 -0.0110614 8.32)
(-0.0478895 -0.00793715 8.32)
(-0.0483225 -0.00477743 8.32)
(-0.0485421 -0.00159513 8.32)
(-0.0485421 0.00159513 8.32)
(-0.0483225 0.00477743 8.32)
(-0.0478895 0.00793715 8.32)
(-0.0472504 0.0110614 8.32)
(-0.0464133 0.0141383 8.32)
(-0.0453859 0.017157 8.32)
(-0.0441764 0.020107 8.32)
(-0.0427936 0.0229779 8.32)
(-0.0412468 0.02576 8.32)
(-0.0395464 0.0284436 8.32)
(-0.0377021 0.0310192 8.32)
(-0.0357196 0.0334763 8.32)
(-0.036109 -0.0338342 8.32)
(-0.0381367 -0.0313598 8.32)
(-0.0400202 -0.0287631 8.32)
(-0.0417534 -0.0260545 8.32)
(-0.043327 -0.0232441 8.32)
(-0.0447309 -0.020342 8.32)
(-0.0459564 -0.0173586 8.32)
(-0.0469953 -0.0143047 8.32)
(-0.04784 -0.0111913 8.32)
(-0.0484833 -0.0080301 8.32)
(-0.0489183 -0.00483316 8.32)
(-0.0491383 -0.00161369 8.32)
(-0.0491383 0.00161369 8.32)
(-0.0489183 0.00483316 8.32)
(-0.0484833 0.0080301 8.32)
(-0.04784 0.0111913 8.32)
(-0.0469953 0.0143047 8.32)
(-0.0459564 0.0173586 8.32)
(-0.0447309 0.020342 8.32)
(-0.043327 0.0232441 8.32)
(-0.0417534 0.0260545 8.32)
(-0.0400202 0.0287631 8.32)
(-0.0381367 0.0313598 8.32)
(-0.036109 0.0338342 8.32)
(-0.0364336 -0.0341324 8.32)
(-0.0384989 -0.0316436 8.32)
(-0.0404151 -0.0290293 8.32)
(-0.0421757 -0.0262999 8.32)
(-0.0437715 -0.0234659 8.32)
(-0.045193 -0.0205378 8.32)
(-0.0464318 -0.0175265 8.32)
(-0.0474803 -0.0144433 8.32)
(-0.0483313 -0.0112996 8.32)
(-0.0489782 -0.00810757 8.32)
(-0.0494148 -0.00487961 8.32)
(-0.0496353 -0.00162915 8.32)
(-0.0496353 0.00162915 8.32)
(-0.0494148 0.00487961 8.32)
(-0.0489782 0.00810757 8.32)
(-0.0483313 0.0112996 8.32)
(-0.0474803 0.0144433 8.32)
(-0.0464318 0.0175265 8.32)
(-0.045193 0.0205378 8.32)
(-0.0437715 0.0234659 8.32)
(-0.0421757 0.0262999 8.32)
(-0.0404151 0.0290293 8.32)
(-0.0384989 0.0316436 8.32)
(-0.0364336 0.0341324 8.32)
(-0.036704 -0.0343809 8.32)
(-0.0388007 -0.0318802 8.32)
(-0.0407442 -0.0292511 8.32)
(-0.0425276 -0.0265044 8.32)
(-0.0441419 -0.0236507 8.32)
(-0.0455781 -0.020701 8.32)
(-0.0468281 -0.0176665 8.32)
(-0.0478845 -0.0145588 8.32)
(-0.0487407 -0.0113899 8.32)
(-0.0493906 -0.00817213 8.32)
(-0.0498285 -0.00491832 8.32)
(-0.0500494 -0.00164204 8.32)
(-0.0500494 0.00164204 8.32)
(-0.0498285 0.00491832 8.32)
(-0.0493906 0.00817213 8.32)
(-0.0487407 0.0113899 8.32)
(-0.0478845 0.0145588 8.32)
(-0.0468281 0.0176665 8.32)
(-0.0455781 0.020701 8.32)
(-0.0441419 0.0236507 8.32)
(-0.0425276 0.0265044 8.32)
(-0.0407442 0.0292511 8.32)
(-0.0388007 0.0318802 8.32)
(-0.036704 0.0343809 8.32)
(-0.0369294 -0.0345881 8.32)
(-0.0390522 -0.0320773 8.32)
(-0.0410184 -0.029436 8.32)
(-0.0428208 -0.0266749 8.32)
(-0.0444506 -0.0238048 8.32)
(-0.045899 -0.020837 8.32)
(-0.0471583 -0.0177831 8.32)
(-0.0482214 -0.0146551 8.32)
(-0.0490819 -0.0114651 8.32)
(-0.0497343 -0.00822593 8.32)
(-0.0501733 -0.00495057 8.32)
(-0.0503945 -0.00165278 8.32)
(-0.0503945 0.00165278 8.32)
(-0.0501733 0.00495057 8.32)
(-0.0497343 0.00822593 8.32)
(-0.0490819 0.0114651 8.32)
(-0.0482214 0.0146551 8.32)
(-0.0471583 0.0177831 8.32)
(-0.045899 0.020837 8.32)
(-0.0444506 0.0238048 8.32)
(-0.0428208 0.0266749 8.32)
(-0.0410184 0.029436 8.32)
(-0.0390522 0.0320773 8.32)
(-0.0369294 0.0345881 8.32)
(-0.0371172 -0.0347607 8.32)
(-0.0392618 -0.0322416 8.32)
(-0.041247 -0.0295901 8.32)
(-0.0430652 -0.0268169 8.32)
(-0.0447079 -0.0239332 8.32)
(-0.0461665 -0.0209504 8.32)
(-0.0474335 -0.0178803 8.32)
(-0.0485021 -0.0147353 8.32)
(-0.0493663 -0.0115278 8.32)
(-0.0500207 -0.00827076 8.32)
(-0.0504607 -0.00497746 8.32)
(-0.0506821 -0.00166173 8.32)
(-0.0506821 0.00166173 8.32)
(-0.0504607 0.00497746 8.32)
(-0.0500207 0.00827076 8.32)
(-0.0493663 0.0115278 8.32)
(-0.0485021 0.0147353 8.32)
(-0.0474335 0.0178803 8.32)
(-0.0461665 0.0209504 8.32)
(-0.0447079 0.0239332 8.32)
(-0.0430652 0.0268169 8.32)
(-0.041247 0.0295901 8.32)
(-0.0392618 0.0322416 8.32)
(-0.0371172 0.0347607 8.32)
(-0.0372738 -0.0349045 8.32)
(-0.0394365 -0.0323785 8.32)
(-0.0414374 -0.0297185 8.32)
(-0.0432689 -0.0269353 8.32)
(-0.0449223 -0.0240402 8.32)
(-0.0463894 -0.0210448 8.32)
(-0.0476628 -0.0179613 8.32)
(-0.048736 -0.0148022 8.32)
(-0.0496032 -0.0115801 8.32)
(-0.0502594 -0.00830813 8.32)
(-0.0507002 -0.00499986 8.32)
(-0.0509218 -0.00166919 8.32)
(-0.0509218 0.00166919 8.32)
(-0.0507002 0.00499986 8.32)
(-0.0502594 0.00830813 8.32)
(-0.0496032 0.0115801 8.32)
(-0.048736 0.0148022 8.32)
(-0.0476628 0.0179613 8.32)
(-0.0463894 0.0210448 8.32)
(-0.0449223 0.0240402 8.32)
(-0.0432689 0.0269353 8.32)
(-0.0414374 0.0297185 8.32)
(-0.0394365 0.0323785 8.32)
(-0.0372738 0.0349045 8.32)
(-0.0374042 -0.0350244 8.32)
(-0.0395821 -0.0324926 8.32)
(-0.0415961 -0.0298255 8.32)
(-0.0434386 -0.0270339 8.32)
(-0.0451009 -0.0241293 8.32)
(-0.0465751 -0.0211235 8.32)
(-0.0478539 -0.0180289 8.32)
(-0.048931 -0.0148579 8.32)
(-0.0498007 -0.0116236 8.32)
(-0.0504583 -0.00833927 8.32)
(-0.0508997 -0.00501853 8.32)
(-0.0511215 -0.00167541 8.32)
(-0.0511215 0.00167541 8.32)
(-0.0508997 0.00501853 8.32)
(-0.0504583 0.00833927 8.32)
(-0.0498007 0.0116236 8.32)
(-0.048931 0.0148579 8.32)
(-0.0478539 0.0180289 8.32)
(-0.0465751 0.0211235 8.32)
(-0.0451009 0.0241293 8.32)
(-0.0434386 0.0270339 8.32)
(-0.0415961 0.0298255 8.32)
(-0.0395821 0.0324926 8.32)
(-0.0374042 0.0350244 8.32)
(-0.0375129 -0.0351243 8.32)
(-0.0397034 -0.0325877 8.32)
(-0.0417284 -0.0299146 8.32)
(-0.04358 -0.0271161 8.32)
(-0.0452498 -0.0242036 8.32)
(-0.0467299 -0.0211891 8.32)
(-0.0480132 -0.0180851 8.32)
(-0.0490934 -0.0149043 8.32)
(-0.0499653 -0.0116599 8.32)
(-0.0506241 -0.00836521 8.32)
(-0.051066 -0.00503409 8.32)
(-0.051288 -0.00168059 8.32)
(-0.051288 0.00168059 8.32)
(-0.051066 0.00503409 8.32)
(-0.0506241 0.00836521 8.32)
(-0.0499653 0.0116599 8.32)
(-0.0490934 0.0149043 8.32)
(-0.0480132 0.0180851 8.32)
(-0.0467299 0.0211891 8.32)
(-0.0452498 0.0242036 8.32)
(-0.04358 0.0271161 8.32)
(-0.0417284 0.0299146 8.32)
(-0.0397034 0.0325877 8.32)
(-0.0375129 0.0351243 8.32)
(-0.0376035 -0.0352075 8.32)
(-0.0398045 -0.0326669 8.32)
(-0.0418386 -0.0299889 8.32)
(-0.0436979 -0.0271846 8.32)
(-0.0453739 -0.0242656 8.32)
(-0.0468589 -0.0212438 8.32)
(-0.0481459 -0.018132 8.32)
(-0.0492288 -0.014943 8.32)
(-0.0501024 -0.0116901 8.32)
(-0.0507622 -0.00838684 8.32)
(-0.0512046 -0.00504705 8.32)
(-0.0514267 -0.00168491 8.32)
(-0.0514267 0.00168491 8.32)
(-0.0512046 0.00504705 8.32)
(-0.0507622 0.00838684 8.32)
(-0.0501024 0.0116901 8.32)
(-0.0492288 0.014943 8.32)
(-0.0481459 0.018132 8.32)
(-0.0468589 0.0212438 8.32)
(-0.0453739 0.0242656 8.32)
(-0.0436979 0.0271846 8.32)
(-0.0418386 0.0299889 8.32)
(-0.0398045 0.0326669 8.32)
(-0.0376035 0.0352075 8.32)
(-0.037679 -0.0352769 8.32)
(-0.0398888 -0.0327329 8.32)
(-0.0419305 -0.0300509 8.32)
(-0.0437961 -0.0272417 8.32)
(-0.0454773 -0.0243172 8.32)
(-0.0469664 -0.0212894 8.32)
(-0.0482565 -0.0181711 8.32)
(-0.0493417 -0.0149752 8.32)
(-0.0502167 -0.0117153 8.32)
(-0.0508774 -0.00840486 8.32)
(-0.0513201 -0.00505785 8.32)
(-0.0515423 -0.0016885 8.32)
(-0.0515423 0.0016885 8.32)
(-0.0513201 0.00505785 8.32)
(-0.0508774 0.00840486 8.32)
(-0.0502167 0.0117153 8.32)
(-0.0493417 0.0149752 8.32)
(-0.0482565 0.0181711 8.32)
(-0.0469664 0.0212894 8.32)
(-0.0454773 0.0243172 8.32)
(-0.0437961 0.0272417 8.32)
(-0.0419305 0.0300509 8.32)
(-0.0398888 0.0327329 8.32)
(-0.037679 0.0352769 8.32)
(-0.0377419 -0.0353347 8.32)
(-0.039959 -0.032788 8.32)
(-0.0420071 -0.0301025 8.32)
(-0.0438779 -0.0272893 8.32)
(-0.0455635 -0.0243602 8.32)
(-0.047056 -0.0213273 8.32)
(-0.0483487 -0.0182036 8.32)
(-0.0494357 -0.0150021 8.32)
(-0.050312 -0.0117363 8.32)
(-0.0509733 -0.00841988 8.32)
(-0.0514164 -0.00506686 8.32)
(-0.0516386 -0.0016915 8.32)
(-0.0516386 0.0016915 8.32)
(-0.0514164 0.00506686 8.32)
(-0.0509733 0.00841988 8.32)
(-0.050312 0.0117363 8.32)
(-0.0494357 0.0150021 8.32)
(-0.0483487 0.0182036 8.32)
(-0.047056 0.0213273 8.32)
(-0.0455635 0.0243602 8.32)
(-0.0438779 0.0272893 8.32)
(-0.0420071 0.0301025 8.32)
(-0.039959 0.032788 8.32)
(-0.0377419 0.0353347 8.32)
(-0.0377944 -0.0353829 8.32)
(-0.0400175 -0.0328338 8.32)
(-0.0420708 -0.0301455 8.32)
(-0.0439462 -0.027329 8.32)
(-0.0456353 -0.024396 8.32)
(-0.0471306 -0.021359 8.32)
(-0.0484255 -0.0182307 8.32)
(-0.049514 -0.0150245 8.32)
(-0.0503913 -0.0117538 8.32)
(-0.0510532 -0.00843239 8.32)
(-0.0514966 -0.00507436 8.32)
(-0.0517189 -0.001694 8.32)
(-0.0517189 0.001694 8.32)
(-0.0514966 0.00507436 8.32)
(-0.0510532 0.00843239 8.32)
(-0.0503913 0.0117538 8.32)
(-0.049514 0.0150245 8.32)
(-0.0484255 0.0182307 8.32)
(-0.0471306 0.021359 8.32)
(-0.0456353 0.024396 8.32)
(-0.0439462 0.027329 8.32)
(-0.0420708 0.0301455 8.32)
(-0.0400175 0.0328338 8.32)
(-0.0377944 0.0353829 8.32)
(-0.0378381 -0.0354231 8.32)
(-0.0400662 -0.032872 8.32)
(-0.042124 -0.0301813 8.32)
(-0.044003 -0.027362 8.32)
(-0.0456951 -0.0244259 8.32)
(-0.0471928 -0.0213853 8.32)
(-0.0484895 -0.0182534 8.32)
(-0.0495793 -0.0150432 8.32)
(-0.0504575 -0.0117684 8.32)
(-0.0511199 -0.00844282 8.32)
(-0.0515634 -0.00508061 8.32)
(-0.0517858 -0.00169608 8.32)
(-0.0517858 0.00169608 8.32)
(-0.0515634 0.00508061 8.32)
(-0.0511199 0.00844282 8.32)
(-0.0504575 0.0117684 8.32)
(-0.0495793 0.0150432 8.32)
(-0.0484895 0.0182534 8.32)
(-0.0471928 0.0213853 8.32)
(-0.0456951 0.0244259 8.32)
(-0.044003 0.027362 8.32)
(-0.042124 0.0301813 8.32)
(-0.0400662 0.032872 8.32)
(-0.0378381 0.0354231 8.32)
(-0.0378745 -0.0354565 8.32)
(-0.0401069 -0.0329039 8.32)
(-0.0421683 -0.0302112 8.32)
(-0.0440504 -0.0273895 8.32)
(-0.045745 -0.0244507 8.32)
(-0.0472447 -0.0214073 8.32)
(-0.0485428 -0.0182722 8.32)
(-0.0496337 -0.0150587 8.32)
(-0.0505126 -0.0117805 8.32)
(-0.0511754 -0.00845151 8.32)
(-0.0516191 -0.00508583 8.32)
(-0.0518415 -0.00169782 8.32)
(-0.0518415 0.00169782 8.32)
(-0.0516191 0.00508583 8.32)
(-0.0511754 0.00845151 8.32)
(-0.0505126 0.0117805 8.32)
(-0.0496337 0.0150587 8.32)
(-0.0485428 0.0182722 8.32)
(-0.0472447 0.0214073 8.32)
(-0.045745 0.0244507 8.32)
(-0.0440504 0.0273895 8.32)
(-0.0421683 0.0302112 8.32)
(-0.0401069 0.0329039 8.32)
(-0.0378745 0.0354565 8.32)
(-0.0379048 -0.0354844 8.32)
(-0.0401407 -0.0329304 8.32)
(-0.0422052 -0.0302361 8.32)
(-0.0440898 -0.0274125 8.32)
(-0.0457865 -0.0244715 8.32)
(-0.0472879 -0.0214256 8.32)
(-0.0485873 -0.0182879 8.32)
(-0.0496791 -0.0150717 8.32)
(-0.0505585 -0.0117906 8.32)
(-0.0512217 -0.00845875 8.32)
(-0.0516655 -0.00509017 8.32)
(-0.051888 -0.00169926 8.32)
(-0.051888 0.00169926 8.32)
(-0.0516655 0.00509017 8.32)
(-0.0512217 0.00845875 8.32)
(-0.0505585 0.0117906 8.32)
(-0.0496791 0.0150717 8.32)
(-0.0485873 0.0182879 8.32)
(-0.0472879 0.0214256 8.32)
(-0.0457865 0.0244715 8.32)
(-0.0440898 0.0274125 8.32)
(-0.0422052 0.0302361 8.32)
(-0.0401407 0.0329304 8.32)
(-0.0379048 0.0354844 8.32)
(-0.0379301 -0.0355076 8.32)
(-0.0401689 -0.0329525 8.32)
(-0.042236 -0.0302568 8.32)
(-0.0441227 -0.0274316 8.32)
(-0.0458212 -0.0244888 8.32)
(-0.0473239 -0.0214409 8.32)
(-0.0486243 -0.018301 8.32)
(-0.0497169 -0.0150825 8.32)
(-0.0505968 -0.0117991 8.32)
(-0.0512602 -0.00846479 8.32)
(-0.0517042 -0.00509379 8.32)
(-0.0519267 -0.00170047 8.32)
(-0.0519267 0.00170047 8.32)
(-0.0517042 0.00509379 8.32)
(-0.0512602 0.00846479 8.32)
(-0.0505968 0.0117991 8.32)
(-0.0497169 0.0150825 8.32)
(-0.0486243 0.018301 8.32)
(-0.0473239 0.0214409 8.32)
(-0.0458212 0.0244888 8.32)
(-0.0441227 0.0274316 8.32)
(-0.042236 0.0302568 8.32)
(-0.0401689 0.0329525 8.32)
(-0.0379301 0.0355076 8.32)
(-0.0223553 -0.0236177 8.32)
(-0.0245596 -0.0260164 8.32)
(-0.0263997 -0.0280189 8.32)
(-0.0279348 -0.0296894 8.32)
(-0.029215 -0.0310824 8.32)
(-0.0302823 -0.0322439 8.32)
(-0.031172 -0.0332121 8.32)
(-0.0319136 -0.0340191 8.32)
(-0.0325318 -0.0346917 8.32)
(-0.0330469 -0.0352524 8.32)
(-0.0334763 -0.0357196 8.32)
(-0.0338342 -0.036109 8.32)
(-0.0341324 -0.0364336 8.32)
(-0.0343809 -0.036704 8.32)
(-0.0345881 -0.0369294 8.32)
(-0.0347607 -0.0371172 8.32)
(-0.0349045 -0.0372738 8.32)
(-0.0350244 -0.0374042 8.32)
(-0.0351243 -0.0375129 8.32)
(-0.0352075 -0.0376035 8.32)
(-0.0352769 -0.037679 8.32)
(-0.0353347 -0.0377419 8.32)
(-0.0353829 -0.0377944 8.32)
(-0.0354231 -0.0378381 8.32)
(-0.0354565 -0.0378745 8.32)
(-0.0354844 -0.0379048 8.32)
(-0.0355076 -0.0379301 8.32)
(-0.0204323 -0.0241942 8.32)
(-0.0225314 -0.0268724 8.32)
(-0.0242833 -0.0291077 8.32)
(-0.0257446 -0.0309722 8.32)
(-0.0269632 -0.032527 8.32)
(-0.0279791 -0.0338232 8.32)
(-0.0288259 -0.0349037 8.32)
(-0.0295318 -0.0358044 8.32)
(-0.0301201 -0.036555 8.32)
(-0.0306105 -0.0371807 8.32)
(-0.0310192 -0.0377021 8.32)
(-0.0313598 -0.0381367 8.32)
(-0.0316436 -0.0384989 8.32)
(-0.0318802 -0.0388007 8.32)
(-0.0320773 -0.0390522 8.32)
(-0.0322416 -0.0392618 8.32)
(-0.0323785 -0.0394365 8.32)
(-0.0324926 -0.0395821 8.32)
(-0.0325877 -0.0397034 8.32)
(-0.0326669 -0.0398045 8.32)
(-0.0327329 -0.0398888 8.32)
(-0.032788 -0.039959 8.32)
(-0.0328338 -0.0400175 8.32)
(-0.032872 -0.0400662 8.32)
(-0.0329039 -0.0401069 8.32)
(-0.0329304 -0.0401407 8.32)
(-0.0329525 -0.0401689 8.32)
(-0.0185132 -0.0248158 8.32)
(-0.0204826 -0.0277372 8.32)
(-0.022126 -0.0301749 8.32)
(-0.0234967 -0.0322082 8.32)
(-0.0246396 -0.0339035 8.32)
(-0.0255924 -0.0353169 8.32)
(-0.0263867 -0.0364951 8.32)
(-0.0270487 -0.0374771 8.32)
(-0.0276005 -0.0382956 8.32)
(-0.0280604 -0.0389778 8.32)
(-0.0284436 -0.0395464 8.32)
(-0.0287631 -0.0400202 8.32)
(-0.0290293 -0.0404151 8.32)
(-0.0292511 -0.0407442 8.32)
(-0.029436 -0.0410184 8.32)
(-0.0295901 -0.041247 8.32)
(-0.0297185 -0.0414374 8.32)
(-0.0298255 -0.0415961 8.32)
(-0.0299146 -0.0417284 8.32)
(-0.0299889 -0.0418386 8.32)
(-0.0300509 -0.0419305 8.32)
(-0.0301025 -0.0420071 8.32)
(-0.0301455 -0.0420708 8.32)
(-0.0301813 -0.042124 8.32)
(-0.0302112 -0.0421683 8.32)
(-0.0302361 -0.0422052 8.32)
(-0.0302568 -0.042236 8.32)
(-0.0166041 -0.0254942 8.32)
(-0.0184201 -0.0286187 8.32)
(-0.0199354 -0.0312257 8.32)
(-0.0211992 -0.0334 8.32)
(-0.0222529 -0.0352129 8.32)
(-0.0231314 -0.0367243 8.32)
(-0.0238636 -0.0379841 8.32)
(-0.024474 -0.0390342 8.32)
(-0.0249827 -0.0399094 8.32)
(-0.0254066 -0.0406389 8.32)
(-0.02576 -0.0412468 8.32)
(-0.0260545 -0.0417534 8.32)
(-0.0262999 -0.0421757 8.32)
(-0.0265044 -0.0425276 8.32)
(-0.0266749 -0.0428208 8.32)
(-0.0268169 -0.0430652 8.32)
(-0.0269353 -0.0432689 8.32)
(-0.0270339 -0.0434386 8.32)
(-0.0271161 -0.04358 8.32)
(-0.0271846 -0.0436979 8.32)
(-0.0272417 -0.0437961 8.32)
(-0.0272893 -0.0438779 8.32)
(-0.027329 -0.0439462 8.32)
(-0.027362 -0.044003 8.32)
(-0.0273895 -0.0440504 8.32)
(-0.0274125 -0.0440898 8.32)
(-0.0274316 -0.0441227 8.32)
(-0.014702 -0.0262098 8.32)
(-0.0163436 -0.0294994 8.32)
(-0.0177133 -0.032244 8.32)
(-0.0188556 -0.034533 8.32)
(-0.019808 -0.0364416 8.32)
(-0.020602 -0.0380326 8.32)
(-0.0212639 -0.0393589 8.32)
(-0.0218155 -0.0404644 8.32)
(-0.0222753 -0.0413857 8.32)
(-0.0226585 -0.0421536 8.32)
(-0.0229779 -0.0427936 8.32)
(-0.0232441 -0.043327 8.32)
(-0.0234659 -0.0437715 8.32)
(-0.0236507 -0.0441419 8.32)
(-0.0238048 -0.0444506 8.32)
(-0.0239332 -0.0447079 8.32)
(-0.0240402 -0.0449223 8.32)
(-0.0241293 -0.0451009 8.32)
(-0.0242036 -0.0452498 8.32)
(-0.0242656 -0.0453739 8.32)
(-0.0243172 -0.0454773 8.32)
(-0.0243602 -0.0455635 8.32)
(-0.024396 -0.0456353 8.32)
(-0.0244259 -0.0456951 8.32)
(-0.0244507 -0.045745 8.32)
(-0.0244715 -0.0457865 8.32)
(-0.0244888 -0.0458212 8.32)
(-0.0128001 -0.0269357 8.32)
(-0.0142495 -0.0303557 8.32)
(-0.0154588 -0.0332091 8.32)
(-0.0164674 -0.0355888 8.32)
(-0.0173083 -0.0375729 8.32)
(-0.0180093 -0.039227 8.32)
(-0.0185936 -0.0406057 8.32)
(-0.0190807 -0.041755 8.32)
(-0.0194866 -0.0427128 8.32)
(-0.019825 -0.0435111 8.32)
(-0.020107 -0.0441764 8.32)
(-0.020342 -0.0447309 8.32)
(-0.0205378 -0.045193 8.32)
(-0.020701 -0.0455781 8.32)
(-0.020837 -0.045899 8.32)
(-0.0209504 -0.0461665 8.32)
(-0.0210448 -0.0463894 8.32)
(-0.0211235 -0.0465751 8.32)
(-0.0211891 -0.0467299 8.32)
(-0.0212438 -0.0468589 8.32)
(-0.0212894 -0.0469664 8.32)
(-0.0213273 -0.047056 8.32)
(-0.021359 -0.0471306 8.32)
(-0.0213853 -0.0471928 8.32)
(-0.0214073 -0.0472447 8.32)
(-0.0214256 -0.0472879 8.32)
(-0.0214409 -0.0473239 8.32)
(-0.0108909 -0.0276466 8.32)
(-0.0121339 -0.0311655 8.32)
(-0.013171 -0.0341014 8.32)
(-0.0140359 -0.0365499 8.32)
(-0.014757 -0.0385914 8.32)
(-0.0153582 -0.0402933 8.32)
(-0.0158593 -0.0417119 8.32)
(-0.016277 -0.0428944 8.32)
(-0.0166251 -0.0438799 8.32)
(-0.0169152 -0.0447013 8.32)
(-0.017157 -0.0453859 8.32)
(-0.0173586 -0.0459564 8.32)
(-0.0175265 -0.0464318 8.32)
(-0.0176665 -0.0468281 8.32)
(-0.0177831 -0.0471583 8.32)
(-0.0178803 -0.0474335 8.32)
(-0.0179613 -0.0476628 8.32)
(-0.0180289 -0.0478539 8.32)
(-0.0180851 -0.0480132 8.32)
(-0.018132 -0.0481459 8.32)
(-0.0181711 -0.0482565 8.32)
(-0.0182036 -0.0483487 8.32)
(-0.0182307 -0.0484255 8.32)
(-0.0182534 -0.0484895 8.32)
(-0.0182722 -0.0485428 8.32)
(-0.0182879 -0.0485873 8.32)
(-0.018301 -0.0486243 8.32)
(-0.00896665 -0.0283171 8.32)
(-0.00999254 -0.0319068 8.32)
(-0.0108485 -0.0349018 8.32)
(-0.0115623 -0.0373995 8.32)
(-0.0121575 -0.0394821 8.32)
(-0.0126537 -0.0412182 8.32)
(-0.0130672 -0.0426654 8.32)
(-0.013412 -0.0438717 8.32)
(-0.0136993 -0.044877 8.32)
(-0.0139388 -0.0457149 8.32)
(-0.0141383 -0.0464133 8.32)
(-0.0143047 -0.0469953 8.32)
(-0.0144433 -0.0474803 8.32)
(-0.0145588 -0.0478845 8.32)
(-0.0146551 -0.0482214 8.32)
(-0.0147353 -0.0485021 8.32)
(-0.0148022 -0.048736 8.32)
(-0.0148579 -0.048931 8.32)
(-0.0149043 -0.0490934 8.32)
(-0.014943 -0.0492288 8.32)
(-0.0149752 -0.0493417 8.32)
(-0.0150021 -0.0494357 8.32)
(-0.0150245 -0.049514 8.32)
(-0.0150432 -0.0495793 8.32)
(-0.0150587 -0.0496337 8.32)
(-0.0150717 -0.0496791 8.32)
(-0.0150825 -0.0497169 8.32)
(-0.00702041 -0.0289202 8.32)
(-0.00782199 -0.0325563 8.32)
(-0.00849078 -0.03559 8.32)
(-0.00904855 -0.0381201 8.32)
(-0.00951359 -0.0402296 8.32)
(-0.00990128 -0.0419882 8.32)
(-0.0102244 -0.0434541 8.32)
(-0.0104938 -0.0446759 8.32)
(-0.0107183 -0.0456943 8.32)
(-0.0109054 -0.0465431 8.32)
(-0.0110614 -0.0472504 8.32)
(-0.0111913 -0.04784 8.32)
(-0.0112996 -0.0483313 8.32)
(-0.0113899 -0.0487407 8.32)
(-0.0114651 -0.0490819 8.32)
(-0.0115278 -0.0493663 8.32)
(-0.0115801 -0.0496032 8.32)
(-0.0116236 -0.0498007 8.32)
(-0.0116599 -0.0499653 8.32)
(-0.0116901 -0.0501024 8.32)
(-0.0117153 -0.0502167 8.32)
(-0.0117363 -0.050312 8.32)
(-0.0117538 -0.0503913 8.32)
(-0.0117684 -0.0504575 8.32)
(-0.0117805 -0.0505126 8.32)
(-0.0117906 -0.0505585 8.32)
(-0.0117991 -0.0505968 8.32)
(-0.0050469 -0.0294257 8.32)
(-0.00562022 -0.0330882 8.32)
(-0.00609857 -0.036144 8.32)
(-0.0064975 -0.0386925 8.32)
(-0.00683012 -0.0408174 8.32)
(-0.00710741 -0.0425888 8.32)
(-0.00733855 -0.0440654 8.32)
(-0.00753121 -0.0452962 8.32)
(-0.00769178 -0.046322 8.32)
(-0.00782561 -0.0471769 8.32)
(-0.00793715 -0.0478895 8.32)
(-0.0080301 -0.0484833 8.32)
(-0.00810757 -0.0489782 8.32)
(-0.00817213 -0.0493906 8.32)
(-0.00822593 -0.0497343 8.32)
(-0.00827076 -0.0500207 8.32)
(-0.00830813 -0.0502594 8.32)
(-0.00833927 -0.0504583 8.32)
(-0.00836521 -0.0506241 8.32)
(-0.00838684 -0.0507622 8.32)
(-0.00840486 -0.0508774 8.32)
(-0.00841988 -0.0509733 8.32)
(-0.00843239 -0.0510532 8.32)
(-0.00844282 -0.0511199 8.32)
(-0.00845151 -0.0511754 8.32)
(-0.00845875 -0.0512217 8.32)
(-0.00846479 -0.0512602 8.32)
(-0.00304452 -0.029799 8.32)
(-0.00338827 -0.0334734 8.32)
(-0.00367507 -0.0365391 8.32)
(-0.00391426 -0.0390959 8.32)
(-0.00411369 -0.0412276 8.32)
(-0.00427994 -0.0430048 8.32)
(-0.00441853 -0.0444861 8.32)
(-0.00453404 -0.0457209 8.32)
(-0.00463032 -0.04675 8.32)
(-0.00471056 -0.0476077 8.32)
(-0.00477743 -0.0483225 8.32)
(-0.00483316 -0.0489183 8.32)
(-0.00487961 -0.0494148 8.32)
(-0.00491832 -0.0498285 8.32)
(-0.00495057 -0.0501733 8.32)
(-0.00497746 -0.0504607 8.32)
(-0.00499986 -0.0507002 8.32)
(-0.00501853 -0.0508997 8.32)
(-0.00503409 -0.051066 8.32)
(-0.00504705 -0.0512046 8.32)
(-0.00505785 -0.0513201 8.32)
(-0.00506686 -0.0514164 8.32)
(-0.00507436 -0.0514966 8.32)
(-0.00508061 -0.0515634 8.32)
(-0.00508583 -0.0516191 8.32)
(-0.00509017 -0.0516655 8.32)
(-0.00509379 -0.0517042 8.32)
(-0.00101813 -0.030002 8.32)
(-0.00113259 -0.0336797 8.32)
(-0.00122808 -0.0367482 8.32)
(-0.00130772 -0.0393072 8.32)
(-0.00137413 -0.0414409 8.32)
(-0.00142948 -0.0432196 8.32)
(-0.00147563 -0.0447023 8.32)
(-0.00151409 -0.0459381 8.32)
(-0.00154615 -0.0469681 8.32)
(-0.00157286 -0.0478266 8.32)
(-0.00159513 -0.0485421 8.32)
(-0.00161369 -0.0491383 8.32)
(-0.00162915 -0.0496353 8.32)
(-0.00164204 -0.0500494 8.32)
(-0.00165278 -0.0503945 8.32)
(-0.00166173 -0.0506821 8.32)
(-0.00166919 -0.0509218 8.32)
(-0.00167541 -0.0511215 8.32)
(-0.00168059 -0.051288 8.32)
(-0.00168491 -0.0514267 8.32)
(-0.0016885 -0.0515423 8.32)
(-0.0016915 -0.0516386 8.32)
(-0.001694 -0.0517189 8.32)
(-0.00169608 -0.0517858 8.32)
(-0.00169782 -0.0518415 8.32)
(-0.00169926 -0.051888 8.32)
(-0.00170047 -0.0519267 8.32)
(0.00101813 -0.030002 8.32)
(0.00113259 -0.0336797 8.32)
(0.00122808 -0.0367482 8.32)
(0.00130772 -0.0393072 8.32)
(0.00137413 -0.0414409 8.32)
(0.00142948 -0.0432196 8.32)
(0.00147563 -0.0447023 8.32)
(0.00151409 -0.0459381 8.32)
(0.00154615 -0.0469681 8.32)
(0.00157286 -0.0478266 8.32)
(0.00159513 -0.0485421 8.32)
(0.00161369 -0.0491383 8.32)
(0.00162915 -0.0496353 8.32)
(0.00164204 -0.0500494 8.32)
(0.00165278 -0.0503945 8.32)
(0.00166173 -0.0506821 8.32)
(0.00166919 -0.0509218 8.32)
(0.00167541 -0.0511215 8.32)
(0.00168059 -0.051288 8.32)
(0.00168491 -0.0514267 8.32)
(0.0016885 -0.0515423 8.32)
(0.0016915 -0.0516386 8.32)
(0.001694 -0.0517189 8.32)
(0.00169608 -0.0517858 8.32)
(0.00169782 -0.0518415 8.32)
(0.00169926 -0.051888 8.32)
(0.00170047 -0.0519267 8.32)
(0.00304452 -0.029799 8.32)
(0.00338827 -0.0334734 8.32)
(0.00367507 -0.0365391 8.32)
(0.00391426 -0.0390959 8.32)
(0.00411369 -0.0412276 8.32)
(0.00427994 -0.0430048 8.32)
(0.00441853 -0.0444861 8.32)
(0.00453404 -0.0457209 8.32)
(0.00463032 -0.04675 8.32)
(0.00471056 -0.0476077 8.32)
(0.00477743 -0.0483225 8.32)
(0.00483316 -0.0489183 8.32)
(0.00487961 -0.0494148 8.32)
(0.00491832 -0.0498285 8.32)
(0.00495057 -0.0501733 8.32)
(0.00497746 -0.0504607 8.32)
(0.00499986 -0.0507002 8.32)
(0.00501853 -0.0508997 8.32)
(0.00503409 -0.051066 8.32)
(0.00504705 -0.0512046 8.32)
(0.00505785 -0.0513201 8.32)
(0.00506686 -0.0514164 8.32)
(0.00507436 -0.0514966 8.32)
(0.00508061 -0.0515634 8.32)
(0.00508583 -0.0516191 8.32)
(0.00509017 -0.0516655 8.32)
(0.00509379 -0.0517042 8.32)
(0.0050469 -0.0294257 8.32)
(0.00562022 -0.0330882 8.32)
(0.00609857 -0.036144 8.32)
(0.0064975 -0.0386925 8.32)
(0.00683012 -0.0408174 8.32)
(0.00710741 -0.0425888 8.32)
(0.00733855 -0.0440654 8.32)
(0.00753121 -0.0452962 8.32)
(0.00769178 -0.046322 8.32)
(0.00782561 -0.0471769 8.32)
(0.00793715 -0.0478895 8.32)
(0.0080301 -0.0484833 8.32)
(0.00810757 -0.0489782 8.32)
(0.00817213 -0.0493906 8.32)
(0.00822593 -0.0497343 8.32)
(0.00827076 -0.0500207 8.32)
(0.00830813 -0.0502594 8.32)
(0.00833927 -0.0504583 8.32)
(0.00836521 -0.0506241 8.32)
(0.00838684 -0.0507622 8.32)
(0.00840486 -0.0508774 8.32)
(0.00841988 -0.0509733 8.32)
(0.00843239 -0.0510532 8.32)
(0.00844282 -0.0511199 8.32)
(0.00845151 -0.0511754 8.32)
(0.00845875 -0.0512217 8.32)
(0.00846479 -0.0512602 8.32)
(0.00702041 -0.0289202 8.32)
(0.00782199 -0.0325563 8.32)
(0.00849078 -0.03559 8.32)
(0.00904855 -0.0381201 8.32)
(0.00951359 -0.0402296 8.32)
(0.00990128 -0.0419882 8.32)
(0.0102244 -0.0434541 8.32)
(0.0104938 -0.0446759 8.32)
(0.0107183 -0.0456943 8.32)
(0.0109054 -0.0465431 8.32)
(0.0110614 -0.0472504 8.32)
(0.0111913 -0.04784 8.32)
(0.0112996 -0.0483313 8.32)
(0.0113899 -0.0487407 8.32)
(0.0114651 -0.0490819 8.32)
(0.0115278 -0.0493663 8.32)
(0.0115801 -0.0496032 8.32)
(0.0116236 -0.0498007 8.32)
(0.0116599 -0.0499653 8.32)
(0.0116901 -0.0501024 8.32)
(0.0117153 -0.0502167 8.32)
(0.0117363 -0.050312 8.32)
(0.0117538 -0.0503913 8.32)
(0.0117684 -0.0504575 8.32)
(0.0117805 -0.0505126 8.32)
(0.0117906 -0.0505585 8.32)
(0.0117991 -0.0505968 8.32)
(0.00896665 -0.0283171 8.32)
(0.00999254 -0.0319068 8.32)
(0.0108485 -0.0349018 8.32)
(0.0115623 -0.0373995 8.32)
(0.0121575 -0.0394821 8.32)
(0.0126537 -0.0412182 8.32)
(0.0130672 -0.0426654 8.32)
(0.013412 -0.0438717 8.32)
(0.0136993 -0.044877 8.32)
(0.0139388 -0.0457149 8.32)
(0.0141383 -0.0464133 8.32)
(0.0143047 -0.0469953 8.32)
(0.0144433 -0.0474803 8.32)
(0.0145588 -0.0478845 8.32)
(0.0146551 -0.0482214 8.32)
(0.0147353 -0.0485021 8.32)
(0.0148022 -0.048736 8.32)
(0.0148579 -0.048931 8.32)
(0.0149043 -0.0490934 8.32)
(0.014943 -0.0492288 8.32)
(0.0149752 -0.0493417 8.32)
(0.0150021 -0.0494357 8.32)
(0.0150245 -0.049514 8.32)
(0.0150432 -0.0495793 8.32)
(0.0150587 -0.0496337 8.32)
(0.0150717 -0.0496791 8.32)
(0.0150825 -0.0497169 8.32)
(0.0108909 -0.0276466 8.32)
(0.0121339 -0.0311655 8.32)
(0.013171 -0.0341014 8.32)
(0.0140359 -0.0365499 8.32)
(0.014757 -0.0385914 8.32)
(0.0153582 -0.0402933 8.32)
(0.0158593 -0.0417119 8.32)
(0.016277 -0.0428944 8.32)
(0.0166251 -0.0438799 8.32)
(0.0169152 -0.0447013 8.32)
(0.017157 -0.0453859 8.32)
(0.0173586 -0.0459564 8.32)
(0.0175265 -0.0464318 8.32)
(0.0176665 -0.0468281 8.32)
(0.0177831 -0.0471583 8.32)
(0.0178803 -0.0474335 8.32)
(0.0179613 -0.0476628 8.32)
(0.0180289 -0.0478539 8.32)
(0.0180851 -0.0480132 8.32)
(0.018132 -0.0481459 8.32)
(0.0181711 -0.0482565 8.32)
(0.0182036 -0.0483487 8.32)
(0.0182307 -0.0484255 8.32)
(0.0182534 -0.0484895 8.32)
(0.0182722 -0.0485428 8.32)
(0.0182879 -0.0485873 8.32)
(0.018301 -0.0486243 8.32)
(0.0128001 -0.0269357 8.32)
(0.0142495 -0.0303557 8.32)
(0.0154588 -0.0332091 8.32)
(0.0164674 -0.0355888 8.32)
(0.0173083 -0.0375729 8.32)
(0.0180093 -0.039227 8.32)
(0.0185936 -0.0406057 8.32)
(0.0190807 -0.041755 8.32)
(0.0194866 -0.0427128 8.32)
(0.019825 -0.0435111 8.32)
(0.020107 -0.0441764 8.32)
(0.020342 -0.0447309 8.32)
(0.0205378 -0.045193 8.32)
(0.020701 -0.0455781 8.32)
(0.020837 -0.045899 8.32)
(0.0209504 -0.0461665 8.32)
(0.0210448 -0.0463894 8.32)
(0.0211235 -0.0465751 8.32)
(0.0211891 -0.0467299 8.32)
(0.0212438 -0.0468589 8.32)
(0.0212894 -0.0469664 8.32)
(0.0213273 -0.047056 8.32)
(0.021359 -0.0471306 8.32)
(0.0213853 -0.0471928 8.32)
(0.0214073 -0.0472447 8.32)
(0.0214256 -0.0472879 8.32)
(0.0214409 -0.0473239 8.32)
(0.014702 -0.0262098 8.32)
(0.0163436 -0.0294994 8.32)
(0.0177133 -0.032244 8.32)
(0.0188556 -0.034533 8.32)
(0.019808 -0.0364416 8.32)
(0.020602 -0.0380326 8.32)
(0.0212639 -0.0393589 8.32)
(0.0218155 -0.0404644 8.32)
(0.0222753 -0.0413857 8.32)
(0.0226585 -0.0421536 8.32)
(0.0229779 -0.0427936 8.32)
(0.0232441 -0.043327 8.32)
(0.0234659 -0.0437715 8.32)
(0.0236507 -0.0441419 8.32)
(0.0238048 -0.0444506 8.32)
(0.0239332 -0.0447079 8.32)
(0.0240402 -0.0449223 8.32)
(0.0241293 -0.0451009 8.32)
(0.0242036 -0.0452498 8.32)
(0.0242656 -0.0453739 8.32)
(0.0243172 -0.0454773 8.32)
(0.0243602 -0.0455635 8.32)
(0.024396 -0.0456353 8.32)
(0.0244259 -0.0456951 8.32)
(0.0244507 -0.045745 8.32)
(0.0244715 -0.0457865 8.32)
(0.0244888 -0.0458212 8.32)
(0.0166041 -0.0254942 8.32)
(0.0184201 -0.0286187 8.32)
(0.0199354 -0.0312257 8.32)
(0.0211992 -0.0334 8.32)
(0.0222529 -0.0352129 8.32)
(0.0231314 -0.0367243 8.32)
(0.0238636 -0.0379841 8.32)
(0.024474 -0.0390342 8.32)
(0.0249827 -0.0399094 8.32)
(0.0254066 -0.0406389 8.32)
(0.02576 -0.0412468 8.32)
(0.0260545 -0.0417534 8.32)
(0.0262999 -0.0421757 8.32)
(0.0265044 -0.0425276 8.32)
(0.0266749 -0.0428208 8.32)
(0.0268169 -0.0430652 8.32)
(0.0269353 -0.0432689 8.32)
(0.0270339 -0.0434386 8.32)
(0.0271161 -0.04358 8.32)
(0.0271846 -0.0436979 8.32)
(0.0272417 -0.0437961 8.32)
(0.0272893 -0.0438779 8.32)
(0.027329 -0.0439462 8.32)
(0.027362 -0.044003 8.32)
(0.0273895 -0.0440504 8.32)
(0.0274125 -0.0440898 8.32)
(0.0274316 -0.0441227 8.32)
(0.0185132 -0.0248158 8.32)
(0.0204826 -0.0277372 8.32)
(0.022126 -0.0301749 8.32)
(0.0234967 -0.0322082 8.32)
(0.0246396 -0.0339035 8.32)
(0.0255924 -0.0353169 8.32)
(0.0263867 -0.0364951 8.32)
(0.0270487 -0.0374771 8.32)
(0.0276005 -0.0382956 8.32)
(0.0280604 -0.0389778 8.32)
(0.0284436 -0.0395464 8.32)
(0.0287631 -0.0400202 8.32)
(0.0290293 -0.0404151 8.32)
(0.0292511 -0.0407442 8.32)
(0.029436 -0.0410184 8.32)
(0.0295901 -0.041247 8.32)
(0.0297185 -0.0414374 8.32)
(0.0298255 -0.0415961 8.32)
(0.0299146 -0.0417284 8.32)
(0.0299889 -0.0418386 8.32)
(0.0300509 -0.0419305 8.32)
(0.0301025 -0.0420071 8.32)
(0.0301455 -0.0420708 8.32)
(0.0301813 -0.042124 8.32)
(0.0302112 -0.0421683 8.32)
(0.0302361 -0.0422052 8.32)
(0.0302568 -0.042236 8.32)
(0.0204323 -0.0241942 8.32)
(0.0225314 -0.0268724 8.32)
(0.0242833 -0.0291077 8.32)
(0.0257446 -0.0309722 8.32)
(0.0269632 -0.032527 8.32)
(0.0279791 -0.0338232 8.32)
(0.0288259 -0.0349037 8.32)
(0.0295318 -0.0358044 8.32)
(0.0301201 -0.036555 8.32)
(0.0306105 -0.0371807 8.32)
(0.0310192 -0.0377021 8.32)
(0.0313598 -0.0381367 8.32)
(0.0316436 -0.0384989 8.32)
(0.0318802 -0.0388007 8.32)
(0.0320773 -0.0390522 8.32)
(0.0322416 -0.0392618 8.32)
(0.0323785 -0.0394365 8.32)
(0.0324926 -0.0395821 8.32)
(0.0325877 -0.0397034 8.32)
(0.0326669 -0.0398045 8.32)
(0.0327329 -0.0398888 8.32)
(0.032788 -0.039959 8.32)
(0.0328338 -0.0400175 8.32)
(0.032872 -0.0400662 8.32)
(0.0329039 -0.0401069 8.32)
(0.0329304 -0.0401407 8.32)
(0.0329525 -0.0401689 8.32)
(0.0223553 -0.0236177 8.32)
(0.0245596 -0.0260164 8.32)
(0.0263997 -0.0280189 8.32)
(0.0279348 -0.0296894 8.32)
(0.029215 -0.0310824 8.32)
(0.0302823 -0.0322439 8.32)
(0.031172 -0.0332121 8.32)
(0.0319136 -0.0340191 8.32)
(0.0325318 -0.0346917 8.32)
(0.0330469 -0.0352524 8.32)
(0.0334763 -0.0357196 8.32)
(0.0338342 -0.036109 8.32)
(0.0341324 -0.0364336 8.32)
(0.0343809 -0.036704 8.32)
(0.0345881 -0.0369294 8.32)
(0.0347607 -0.0371172 8.32)
(0.0349045 -0.0372738 8.32)
(0.0350244 -0.0374042 8.32)
(0.0351243 -0.0375129 8.32)
(0.0352075 -0.0376035 8.32)
(0.0352769 -0.037679 8.32)
(0.0353347 -0.0377419 8.32)
(0.0353829 -0.0377944 8.32)
(0.0354231 -0.0378381 8.32)
(0.0354565 -0.0378745 8.32)
(0.0354844 -0.0379048 8.32)
(0.0355076 -0.0379301 8.32)
(-0.0223553 0.0236177 8.32)
(-0.0245596 0.0260164 8.32)
(-0.0263997 0.0280189 8.32)
(-0.0279348 0.0296894 8.32)
(-0.029215 0.0310824 8.32)
(-0.0302823 0.0322439 8.32)
(-0.031172 0.0332121 8.32)
(-0.0319136 0.0340191 8.32)
(-0.0325318 0.0346917 8.32)
(-0.0330469 0.0352524 8.32)
(-0.0334763 0.0357196 8.32)
(-0.0338342 0.036109 8.32)
(-0.0341324 0.0364336 8.32)
(-0.0343809 0.036704 8.32)
(-0.0345881 0.0369294 8.32)
(-0.0347607 0.0371172 8.32)
(-0.0349045 0.0372738 8.32)
(-0.0350244 0.0374042 8.32)
(-0.0351243 0.0375129 8.32)
(-0.0352075 0.0376035 8.32)
(-0.0352769 0.037679 8.32)
(-0.0353347 0.0377419 8.32)
(-0.0353829 0.0377944 8.32)
(-0.0354231 0.0378381 8.32)
(-0.0354565 0.0378745 8.32)
(-0.0354844 0.0379048 8.32)
(-0.0355076 0.0379301 8.32)
(-0.0204323 0.0241942 8.32)
(-0.0225314 0.0268724 8.32)
(-0.0242833 0.0291077 8.32)
(-0.0257446 0.0309722 8.32)
(-0.0269632 0.032527 8.32)
(-0.0279791 0.0338232 8.32)
(-0.0288259 0.0349037 8.32)
(-0.0295318 0.0358044 8.32)
(-0.0301201 0.036555 8.32)
(-0.0306105 0.0371807 8.32)
(-0.0310192 0.0377021 8.32)
(-0.0313598 0.0381367 8.32)
(-0.0316436 0.0384989 8.32)
(-0.0318802 0.0388007 8.32)
(-0.0320773 0.0390522 8.32)
(-0.0322416 0.0392618 8.32)
(-0.0323785 0.0394365 8.32)
(-0.0324926 0.0395821 8.32)
(-0.0325877 0.0397034 8.32)
(-0.0326669 0.0398045 8.32)
(-0.0327329 0.0398888 8.32)
(-0.032788 0.039959 8.32)
(-0.0328338 0.0400175 8.32)
(-0.032872 0.0400662 8.32)
(-0.0329039 0.0401069 8.32)
(-0.0329304 0.0401407 8.32)
(-0.0329525 0.0401689 8.32)
(-0.0185132 0.0248158 8.32)
(-0.0204826 0.0277372 8.32)
(-0.022126 0.0301749 8.32)
(-0.0234967 0.0322082 8.32)
(-0.0246396 0.0339035 8.32)
(-0.0255924 0.0353169 8.32)
(-0.0263867 0.0364951 8.32)
(-0.0270487 0.0374771 8.32)
(-0.0276005 0.0382956 8.32)
(-0.0280604 0.0389778 8.32)
(-0.0284436 0.0395464 8.32)
(-0.0287631 0.0400202 8.32)
(-0.0290293 0.0404151 8.32)
(-0.0292511 0.0407442 8.32)
(-0.029436 0.0410184 8.32)
(-0.0295901 0.041247 8.32)
(-0.0297185 0.0414374 8.32)
(-0.0298255 0.0415961 8.32)
(-0.0299146 0.0417284 8.32)
(-0.0299889 0.0418386 8.32)
(-0.0300509 0.0419305 8.32)
(-0.0301025 0.0420071 8.32)
(-0.0301455 0.0420708 8.32)
(-0.0301813 0.042124 8.32)
(-0.0302112 0.0421683 8.32)
(-0.0302361 0.0422052 8.32)
(-0.0302568 0.042236 8.32)
(-0.0166041 0.0254942 8.32)
(-0.0184201 0.0286187 8.32)
(-0.0199354 0.0312257 8.32)
(-0.0211992 0.0334 8.32)
(-0.0222529 0.0352129 8.32)
(-0.0231314 0.0367243 8.32)
(-0.0238636 0.0379841 8.32)
(-0.024474 0.0390342 8.32)
(-0.0249827 0.0399094 8.32)
(-0.0254066 0.0406389 8.32)
(-0.02576 0.0412468 8.32)
(-0.0260545 0.0417534 8.32)
(-0.0262999 0.0421757 8.32)
(-0.0265044 0.0425276 8.32)
(-0.0266749 0.0428208 8.32)
(-0.0268169 0.0430652 8.32)
(-0.0269353 0.0432689 8.32)
(-0.0270339 0.0434386 8.32)
(-0.0271161 0.04358 8.32)
(-0.0271846 0.0436979 8.32)
(-0.0272417 0.0437961 8.32)
(-0.0272893 0.0438779 8.32)
(-0.027329 0.0439462 8.32)
(-0.027362 0.044003 8.32)
(-0.0273895 0.0440504 8.32)
(-0.0274125 0.0440898 8.32)
(-0.0274316 0.0441227 8.32)
(-0.014702 0.0262098 8.32)
(-0.0163436 0.0294994 8.32)
(-0.0177133 0.032244 8.32)
(-0.0188556 0.034533 8.32)
(-0.019808 0.0364416 8.32)
(-0.020602 0.0380326 8.32)
(-0.0212639 0.0393589 8.32)
(-0.0218155 0.0404644 8.32)
(-0.0222753 0.0413857 8.32)
(-0.0226585 0.0421536 8.32)
(-0.0229779 0.0427936 8.32)
(-0.0232441 0.043327 8.32)
(-0.0234659 0.0437715 8.32)
(-0.0236507 0.0441419 8.32)
(-0.0238048 0.0444506 8.32)
(-0.0239332 0.0447079 8.32)
(-0.0240402 0.0449223 8.32)
(-0.0241293 0.0451009 8.32)
(-0.0242036 0.0452498 8.32)
(-0.0242656 0.0453739 8.32)
(-0.0243172 0.0454773 8.32)
(-0.0243602 0.0455635 8.32)
(-0.024396 0.0456353 8.32)
(-0.0244259 0.0456951 8.32)
(-0.0244507 0.045745 8.32)
(-0.0244715 0.0457865 8.32)
(-0.0244888 0.0458212 8.32)
(-0.0128001 0.0269357 8.32)
(-0.0142495 0.0303557 8.32)
(-0.0154588 0.0332091 8.32)
(-0.0164674 0.0355888 8.32)
(-0.0173083 0.0375729 8.32)
(-0.0180093 0.039227 8.32)
(-0.0185936 0.0406057 8.32)
(-0.0190807 0.041755 8.32)
(-0.0194866 0.0427128 8.32)
(-0.019825 0.0435111 8.32)
(-0.020107 0.0441764 8.32)
(-0.020342 0.0447309 8.32)
(-0.0205378 0.045193 8.32)
(-0.020701 0.0455781 8.32)
(-0.020837 0.045899 8.32)
(-0.0209504 0.0461665 8.32)
(-0.0210448 0.0463894 8.32)
(-0.0211235 0.0465751 8.32)
(-0.0211891 0.0467299 8.32)
(-0.0212438 0.0468589 8.32)
(-0.0212894 0.0469664 8.32)
(-0.0213273 0.047056 8.32)
(-0.021359 0.0471306 8.32)
(-0.0213853 0.0471928 8.32)
(-0.0214073 0.0472447 8.32)
(-0.0214256 0.0472879 8.32)
(-0.0214409 0.0473239 8.32)
(-0.0108909 0.0276466 8.32)
(-0.0121339 0.0311655 8.32)
(-0.013171 0.0341014 8.32)
(-0.0140359 0.0365499 8.32)
(-0.014757 0.0385914 8.32)
(-0.0153582 0.0402933 8.32)
(-0.0158593 0.0417119 8.32)
(-0.016277 0.0428944 8.32)
(-0.0166251 0.0438799 8.32)
(-0.0169152 0.0447013 8.32)
(-0.017157 0.0453859 8.32)
(-0.0173586 0.0459564 8.32)
(-0.0175265 0.0464318 8.32)
(-0.0176665 0.0468281 8.32)
(-0.0177831 0.0471583 8.32)
(-0.0178803 0.0474335 8.32)
(-0.0179613 0.0476628 8.32)
(-0.0180289 0.0478539 8.32)
(-0.0180851 0.0480132 8.32)
(-0.018132 0.0481459 8.32)
(-0.0181711 0.0482565 8.32)
(-0.0182036 0.0483487 8.32)
(-0.0182307 0.0484255 8.32)
(-0.0182534 0.0484895 8.32)
(-0.0182722 0.0485428 8.32)
(-0.0182879 0.0485873 8.32)
(-0.018301 0.0486243 8.32)
(-0.00896665 0.0283171 8.32)
(-0.00999254 0.0319068 8.32)
(-0.0108485 0.0349018 8.32)
(-0.0115623 0.0373995 8.32)
(-0.0121575 0.0394821 8.32)
(-0.0126537 0.0412182 8.32)
(-0.0130672 0.0426654 8.32)
(-0.013412 0.0438717 8.32)
(-0.0136993 0.044877 8.32)
(-0.0139388 0.0457149 8.32)
(-0.0141383 0.0464133 8.32)
(-0.0143047 0.0469953 8.32)
(-0.0144433 0.0474803 8.32)
(-0.0145588 0.0478845 8.32)
(-0.0146551 0.0482214 8.32)
(-0.0147353 0.0485021 8.32)
(-0.0148022 0.048736 8.32)
(-0.0148579 0.048931 8.32)
(-0.0149043 0.0490934 8.32)
(-0.014943 0.0492288 8.32)
(-0.0149752 0.0493417 8.32)
(-0.0150021 0.0494357 8.32)
(-0.0150245 0.049514 8.32)
(-0.0150432 0.0495793 8.32)
(-0.0150587 0.0496337 8.32)
(-0.0150717 0.0496791 8.32)
(-0.0150825 0.0497169 8.32)
(-0.00702041 0.0289202 8.32)
(-0.00782199 0.0325563 8.32)
(-0.00849078 0.03559 8.32)
(-0.00904855 0.0381201 8.32)
(-0.00951359 0.0402296 8.32)
(-0.00990128 0.0419882 8.32)
(-0.0102244 0.0434541 8.32)
(-0.0104938 0.0446759 8.32)
(-0.0107183 0.0456943 8.32)
(-0.0109054 0.0465431 8.32)
(-0.0110614 0.0472504 8.32)
(-0.0111913 0.04784 8.32)
(-0.0112996 0.0483313 8.32)
(-0.0113899 0.0487407 8.32)
(-0.0114651 0.0490819 8.32)
(-0.0115278 0.0493663 8.32)
(-0.0115801 0.0496032 8.32)
(-0.0116236 0.0498007 8.32)
(-0.0116599 0.0499653 8.32)
(-0.0116901 0.0501024 8.32)
(-0.0117153 0.0502167 8.32)
(-0.0117363 0.050312 8.32)
(-0.0117538 0.0503913 8.32)
(-0.0117684 0.0504575 8.32)
(-0.0117805 0.0505126 8.32)
(-0.0117906 0.0505585 8.32)
(-0.0117991 0.0505968 8.32)
(-0.0050469 0.0294257 8.32)
(-0.00562022 0.0330882 8.32)
(-0.00609857 0.036144 8.32)
(-0.0064975 0.0386925 8.32)
(-0.00683012 0.0408174 8.32)
(-0.00710741 0.0425888 8.32)
(-0.00733855 0.0440654 8.32)
(-0.00753121 0.0452962 8.32)
(-0.00769178 0.046322 8.32)
(-0.00782561 0.0471769 8.32)
(-0.00793715 0.0478895 8.32)
(-0.0080301 0.0484833 8.32)
(-0.00810757 0.0489782 8.32)
(-0.00817213 0.0493906 8.32)
(-0.00822593 0.0497343 8.32)
(-0.00827076 0.0500207 8.32)
(-0.00830813 0.0502594 8.32)
(-0.00833927 0.0504583 8.32)
(-0.00836521 0.0506241 8.32)
(-0.00838684 0.0507622 8.32)
(-0.00840486 0.0508774 8.32)
(-0.00841988 0.0509733 8.32)
(-0.00843239 0.0510532 8.32)
(-0.00844282 0.0511199 8.32)
(-0.00845151 0.0511754 8.32)
(-0.00845875 0.0512217 8.32)
(-0.00846479 0.0512602 8.32)
(-0.00304452 0.029799 8.32)
(-0.00338827 0.0334734 8.32)
(-0.00367507 0.0365391 8.32)
(-0.00391426 0.0390959 8.32)
(-0.00411369 0.0412276 8.32)
(-0.00427994 0.0430048 8.32)
(-0.00441853 0.0444861 8.32)
(-0.00453404 0.0457209 8.32)
(-0.00463032 0.04675 8.32)
(-0.00471056 0.0476077 8.32)
(-0.00477743 0.0483225 8.32)
(-0.00483316 0.0489183 8.32)
(-0.00487961 0.0494148 8.32)
(-0.00491832 0.0498285 8.32)
(-0.00495057 0.0501733 8.32)
(-0.00497746 0.0504607 8.32)
(-0.00499986 0.0507002 8.32)
(-0.00501853 0.0508997 8.32)
(-0.00503409 0.051066 8.32)
(-0.00504705 0.0512046 8.32)
(-0.00505785 0.0513201 8.32)
(-0.00506686 0.0514164 8.32)
(-0.00507436 0.0514966 8.32)
(-0.00508061 0.0515634 8.32)
(-0.00508583 0.0516191 8.32)
(-0.00509017 0.0516655 8.32)
(-0.00509379 0.0517042 8.32)
(-0.00101813 0.030002 8.32)
(-0.00113259 0.0336797 8.32)
(-0.00122808 0.0367482 8.32)
(-0.00130772 0.0393072 8.32)
(-0.00137413 0.0414409 8.32)
(-0.00142948 0.0432196 8.32)
(-0.00147563 0.0447023 8.32)
(-0.00151409 0.0459381 8.32)
(-0.00154615 0.0469681 8.32)
(-0.00157286 0.0478266 8.32)
(-0.00159513 0.0485421 8.32)
(-0.00161369 0.0491383 8.32)
(-0.00162915 0.0496353 8.32)
(-0.00164204 0.0500494 8.32)
(-0.00165278 0.0503945 8.32)
(-0.00166173 0.0506821 8.32)
(-0.00166919 0.0509218 8.32)
(-0.00167541 0.0511215 8.32)
(-0.00168059 0.051288 8.32)
(-0.00168491 0.0514267 8.32)
(-0.0016885 0.0515423 8.32)
(-0.0016915 0.0516386 8.32)
(-0.001694 0.0517189 8.32)
(-0.00169608 0.0517858 8.32)
(-0.00169782 0.0518415 8.32)
(-0.00169926 0.051888 8.32)
(-0.00170047 0.0519267 8.32)
(0.00101813 0.030002 8.32)
(0.00113259 0.0336797 8.32)
(0.00122808 0.0367482 8.32)
(0.00130772 0.0393072 8.32)
(0.00137413 0.0414409 8.32)
(0.00142948 0.0432196 8.32)
(0.00147563 0.0447023 8.32)
(0.00151409 0.0459381 8.32)
(0.00154615 0.0469681 8.32)
(0.00157286 0.0478266 8.32)
(0.00159513 0.0485421 8.32)
(0.00161369 0.0491383 8.32)
(0.00162915 0.0496353 8.32)
(0.00164204 0.0500494 8.32)
(0.00165278 0.0503945 8.32)
(0.00166173 0.0506821 8.32)
(0.00166919 0.0509218 8.32)
(0.00167541 0.0511215 8.32)
(0.00168059 0.051288 8.32)
(0.00168491 0.0514267 8.32)
(0.0016885 0.0515423 8.32)
(0.0016915 0.0516386 8.32)
(0.001694 0.0517189 8.32)
(0.00169608 0.0517858 8.32)
(0.00169782 0.0518415 8.32)
(0.00169926 0.051888 8.32)
(0.00170047 0.0519267 8.32)
(0.00304452 0.029799 8.32)
(0.00338827 0.0334734 8.32)
(0.00367507 0.0365391 8.32)
(0.00391426 0.0390959 8.32)
(0.00411369 0.0412276 8.32)
(0.00427994 0.0430048 8.32)
(0.00441853 0.0444861 8.32)
(0.00453404 0.0457209 8.32)
(0.00463032 0.04675 8.32)
(0.00471056 0.0476077 8.32)
(0.00477743 0.0483225 8.32)
(0.00483316 0.0489183 8.32)
(0.00487961 0.0494148 8.32)
(0.00491832 0.0498285 8.32)
(0.00495057 0.0501733 8.32)
(0.00497746 0.0504607 8.32)
(0.00499986 0.0507002 8.32)
(0.00501853 0.0508997 8.32)
(0.00503409 0.051066 8.32)
(0.00504705 0.0512046 8.32)
(0.00505785 0.0513201 8.32)
(0.00506686 0.0514164 8.32)
(0.00507436 0.0514966 8.32)
(0.00508061 0.0515634 8.32)
(0.00508583 0.0516191 8.32)
(0.00509017 0.0516655 8.32)
(0.00509379 0.0517042 8.32)
(0.0050469 0.0294257 8.32)
(0.00562022 0.0330882 8.32)
(0.00609857 0.036144 8.32)
(0.0064975 0.0386925 8.32)
(0.00683012 0.0408174 8.32)
(0.00710741 0.0425888 8.32)
(0.00733855 0.0440654 8.32)
(0.00753121 0.0452962 8.32)
(0.00769178 0.046322 8.32)
(0.00782561 0.0471769 8.32)
(0.00793715 0.0478895 8.32)
(0.0080301 0.0484833 8.32)
(0.00810757 0.0489782 8.32)
(0.00817213 0.0493906 8.32)
(0.00822593 0.0497343 8.32)
(0.00827076 0.0500207 8.32)
(0.00830813 0.0502594 8.32)
(0.00833927 0.0504583 8.32)
(0.00836521 0.0506241 8.32)
(0.00838684 0.0507622 8.32)
(0.00840486 0.0508774 8.32)
(0.00841988 0.0509733 8.32)
(0.00843239 0.0510532 8.32)
(0.00844282 0.0511199 8.32)
(0.00845151 0.0511754 8.32)
(0.00845875 0.0512217 8.32)
(0.00846479 0.0512602 8.32)
(0.00702041 0.0289202 8.32)
(0.00782199 0.0325563 8.32)
(0.00849078 0.03559 8.32)
(0.00904855 0.0381201 8.32)
(0.00951359 0.0402296 8.32)
(0.00990128 0.0419882 8.32)
(0.0102244 0.0434541 8.32)
(0.0104938 0.0446759 8.32)
(0.0107183 0.0456943 8.32)
(0.0109054 0.0465431 8.32)
(0.0110614 0.0472504 8.32)
(0.0111913 0.04784 8.32)
(0.0112996 0.0483313 8.32)
(0.0113899 0.0487407 8.32)
(0.0114651 0.0490819 8.32)
(0.0115278 0.0493663 8.32)
(0.0115801 0.0496032 8.32)
(0.0116236 0.0498007 8.32)
(0.0116599 0.0499653 8.32)
(0.0116901 0.0501024 8.32)
(0.0117153 0.0502167 8.32)
(0.0117363 0.050312 8.32)
(0.0117538 0.0503913 8.32)
(0.0117684 0.0504575 8.32)
(0.0117805 0.0505126 8.32)
(0.0117906 0.0505585 8.32)
(0.0117991 0.0505968 8.32)
(0.00896665 0.0283171 8.32)
(0.00999254 0.0319068 8.32)
(0.0108485 0.0349018 8.32)
(0.0115623 0.0373995 8.32)
(0.0121575 0.0394821 8.32)
(0.0126537 0.0412182 8.32)
(0.0130672 0.0426654 8.32)
(0.013412 0.0438717 8.32)
(0.0136993 0.044877 8.32)
(0.0139388 0.0457149 8.32)
(0.0141383 0.0464133 8.32)
(0.0143047 0.0469953 8.32)
(0.0144433 0.0474803 8.32)
(0.0145588 0.0478845 8.32)
(0.0146551 0.0482214 8.32)
(0.0147353 0.0485021 8.32)
(0.0148022 0.048736 8.32)
(0.0148579 0.048931 8.32)
(0.0149043 0.0490934 8.32)
(0.014943 0.0492288 8.32)
(0.0149752 0.0493417 8.32)
(0.0150021 0.0494357 8.32)
(0.0150245 0.049514 8.32)
(0.0150432 0.0495793 8.32)
(0.0150587 0.0496337 8.32)
(0.0150717 0.0496791 8.32)
(0.0150825 0.0497169 8.32)
(0.0108909 0.0276466 8.32)
(0.0121339 0.0311655 8.32)
(0.013171 0.0341014 8.32)
(0.0140359 0.0365499 8.32)
(0.014757 0.0385914 8.32)
(0.0153582 0.0402933 8.32)
(0.0158593 0.0417119 8.32)
(0.016277 0.0428944 8.32)
(0.0166251 0.0438799 8.32)
(0.0169152 0.0447013 8.32)
(0.017157 0.0453859 8.32)
(0.0173586 0.0459564 8.32)
(0.0175265 0.0464318 8.32)
(0.0176665 0.0468281 8.32)
(0.0177831 0.0471583 8.32)
(0.0178803 0.0474335 8.32)
(0.0179613 0.0476628 8.32)
(0.0180289 0.0478539 8.32)
(0.0180851 0.0480132 8.32)
(0.018132 0.0481459 8.32)
(0.0181711 0.0482565 8.32)
(0.0182036 0.0483487 8.32)
(0.0182307 0.0484255 8.32)
(0.0182534 0.0484895 8.32)
(0.0182722 0.0485428 8.32)
(0.0182879 0.0485873 8.32)
(0.018301 0.0486243 8.32)
(0.0128001 0.0269357 8.32)
(0.0142495 0.0303557 8.32)
(0.0154588 0.0332091 8.32)
(0.0164674 0.0355888 8.32)
(0.0173083 0.0375729 8.32)
(0.0180093 0.039227 8.32)
(0.0185936 0.0406057 8.32)
(0.0190807 0.041755 8.32)
(0.0194866 0.0427128 8.32)
(0.019825 0.0435111 8.32)
(0.020107 0.0441764 8.32)
(0.020342 0.0447309 8.32)
(0.0205378 0.045193 8.32)
(0.020701 0.0455781 8.32)
(0.020837 0.045899 8.32)
(0.0209504 0.0461665 8.32)
(0.0210448 0.0463894 8.32)
(0.0211235 0.0465751 8.32)
(0.0211891 0.0467299 8.32)
(0.0212438 0.0468589 8.32)
(0.0212894 0.0469664 8.32)
(0.0213273 0.047056 8.32)
(0.021359 0.0471306 8.32)
(0.0213853 0.0471928 8.32)
(0.0214073 0.0472447 8.32)
(0.0214256 0.0472879 8.32)
(0.0214409 0.0473239 8.32)
(0.014702 0.0262098 8.32)
(0.0163436 0.0294994 8.32)
(0.0177133 0.032244 8.32)
(0.0188556 0.034533 8.32)
(0.019808 0.0364416 8.32)
(0.020602 0.0380326 8.32)
(0.0212639 0.0393589 8.32)
(0.0218155 0.0404644 8.32)
(0.0222753 0.0413857 8.32)
(0.0226585 0.0421536 8.32)
(0.0229779 0.0427936 8.32)
(0.0232441 0.043327 8.32)
(0.0234659 0.0437715 8.32)
(0.0236507 0.0441419 8.32)
(0.0238048 0.0444506 8.32)
(0.0239332 0.0447079 8.32)
(0.0240402 0.0449223 8.32)
(0.0241293 0.0451009 8.32)
(0.0242036 0.0452498 8.32)
(0.0242656 0.0453739 8.32)
(0.0243172 0.0454773 8.32)
(0.0243602 0.0455635 8.32)
(0.024396 0.0456353 8.32)
(0.0244259 0.0456951 8.32)
(0.0244507 0.045745 8.32)
(0.0244715 0.0457865 8.32)
(0.0244888 0.0458212 8.32)
(0.0166041 0.0254942 8.32)
(0.0184201 0.0286187 8.32)
(0.0199354 0.0312257 8.32)
(0.0211992 0.0334 8.32)
(0.0222529 0.0352129 8.32)
(0.0231314 0.0367243 8.32)
(0.0238636 0.0379841 8.32)
(0.024474 0.0390342 8.32)
(0.0249827 0.0399094 8.32)
(0.0254066 0.0406389 8.32)
(0.02576 0.0412468 8.32)
(0.0260545 0.0417534 8.32)
(0.0262999 0.0421757 8.32)
(0.0265044 0.0425276 8.32)
(0.0266749 0.0428208 8.32)
(0.0268169 0.0430652 8.32)
(0.0269353 0.0432689 8.32)
(0.0270339 0.0434386 8.32)
(0.0271161 0.04358 8.32)
(0.0271846 0.0436979 8.32)
(0.0272417 0.0437961 8.32)
(0.0272893 0.0438779 8.32)
(0.027329 0.0439462 8.32)
(0.027362 0.044003 8.32)
(0.0273895 0.0440504 8.32)
(0.0274125 0.0440898 8.32)
(0.0274316 0.0441227 8.32)
(0.0185132 0.0248158 8.32)
(0.0204826 0.0277372 8.32)
(0.022126 0.0301749 8.32)
(0.0234967 0.0322082 8.32)
(0.0246396 0.0339035 8.32)
(0.0255924 0.0353169 8.32)
(0.0263867 0.0364951 8.32)
(0.0270487 0.0374771 8.32)
(0.0276005 0.0382956 8.32)
(0.0280604 0.0389778 8.32)
(0.0284436 0.0395464 8.32)
(0.0287631 0.0400202 8.32)
(0.0290293 0.0404151 8.32)
(0.0292511 0.0407442 8.32)
(0.029436 0.0410184 8.32)
(0.0295901 0.041247 8.32)
(0.0297185 0.0414374 8.32)
(0.0298255 0.0415961 8.32)
(0.0299146 0.0417284 8.32)
(0.0299889 0.0418386 8.32)
(0.0300509 0.0419305 8.32)
(0.0301025 0.0420071 8.32)
(0.0301455 0.0420708 8.32)
(0.0301813 0.042124 8.32)
(0.0302112 0.0421683 8.32)
(0.0302361 0.0422052 8.32)
(0.0302568 0.042236 8.32)
(0.0204323 0.0241942 8.32)
(0.0225314 0.0268724 8.32)
(0.0242833 0.0291077 8.32)
(0.0257446 0.0309722 8.32)
(0.0269632 0.032527 8.32)
(0.0279791 0.0338232 8.32)
(0.0288259 0.0349037 8.32)
(0.0295318 0.0358044 8.32)
(0.0301201 0.036555 8.32)
(0.0306105 0.0371807 8.32)
(0.0310192 0.0377021 8.32)
(0.0313598 0.0381367 8.32)
(0.0316436 0.0384989 8.32)
(0.0318802 0.0388007 8.32)
(0.0320773 0.0390522 8.32)
(0.0322416 0.0392618 8.32)
(0.0323785 0.0394365 8.32)
(0.0324926 0.0395821 8.32)
(0.0325877 0.0397034 8.32)
(0.0326669 0.0398045 8.32)
(0.0327329 0.0398888 8.32)
(0.032788 0.039959 8.32)
(0.0328338 0.0400175 8.32)
(0.032872 0.0400662 8.32)
(0.0329039 0.0401069 8.32)
(0.0329304 0.0401407 8.32)
(0.0329525 0.0401689 8.32)
(0.0223553 0.0236177 8.32)
(0.0245596 0.0260164 8.32)
(0.0263997 0.0280189 8.32)
(0.0279348 0.0296894 8.32)
(0.029215 0.0310824 8.32)
(0.0302823 0.0322439 8.32)
(0.031172 0.0332121 8.32)
(0.0319136 0.0340191 8.32)
(0.0325318 0.0346917 8.32)
(0.0330469 0.0352524 8.32)
(0.0334763 0.0357196 8.32)
(0.0338342 0.036109 8.32)
(0.0341324 0.0364336 8.32)
(0.0343809 0.036704 8.32)
(0.0345881 0.0369294 8.32)
(0.0347607 0.0371172 8.32)
(0.0349045 0.0372738 8.32)
(0.0350244 0.0374042 8.32)
(0.0351243 0.0375129 8.32)
(0.0352075 0.0376035 8.32)
(0.0352769 0.037679 8.32)
(0.0353347 0.0377419 8.32)
(0.0353829 0.0377944 8.32)
(0.0354231 0.0378381 8.32)
(0.0354565 0.0378745 8.32)
(0.0354844 0.0379048 8.32)
(0.0355076 0.0379301 8.32)
(0.0236177 -0.0223553 8.32)
(0.0260164 -0.0245596 8.32)
(0.0280189 -0.0263997 8.32)
(0.0296894 -0.0279348 8.32)
(0.0310824 -0.029215 8.32)
(0.0322439 -0.0302823 8.32)
(0.0332121 -0.031172 8.32)
(0.0340191 -0.0319136 8.32)
(0.0346917 -0.0325318 8.32)
(0.0352524 -0.0330469 8.32)
(0.0357196 -0.0334763 8.32)
(0.036109 -0.0338342 8.32)
(0.0364336 -0.0341324 8.32)
(0.036704 -0.0343809 8.32)
(0.0369294 -0.0345881 8.32)
(0.0371172 -0.0347607 8.32)
(0.0372738 -0.0349045 8.32)
(0.0374042 -0.0350244 8.32)
(0.0375129 -0.0351243 8.32)
(0.0376035 -0.0352075 8.32)
(0.037679 -0.0352769 8.32)
(0.0377419 -0.0353347 8.32)
(0.0377944 -0.0353829 8.32)
(0.0378381 -0.0354231 8.32)
(0.0378745 -0.0354565 8.32)
(0.0379048 -0.0354844 8.32)
(0.0379301 -0.0355076 8.32)
(0.0241942 -0.0204323 8.32)
(0.0268724 -0.0225314 8.32)
(0.0291077 -0.0242833 8.32)
(0.0309722 -0.0257446 8.32)
(0.032527 -0.0269632 8.32)
(0.0338232 -0.0279791 8.32)
(0.0349037 -0.0288259 8.32)
(0.0358044 -0.0295318 8.32)
(0.036555 -0.0301201 8.32)
(0.0371807 -0.0306105 8.32)
(0.0377021 -0.0310192 8.32)
(0.0381367 -0.0313598 8.32)
(0.0384989 -0.0316436 8.32)
(0.0388007 -0.0318802 8.32)
(0.0390522 -0.0320773 8.32)
(0.0392618 -0.0322416 8.32)
(0.0394365 -0.0323785 8.32)
(0.0395821 -0.0324926 8.32)
(0.0397034 -0.0325877 8.32)
(0.0398045 -0.0326669 8.32)
(0.0398888 -0.0327329 8.32)
(0.039959 -0.032788 8.32)
(0.0400175 -0.0328338 8.32)
(0.0400662 -0.032872 8.32)
(0.0401069 -0.0329039 8.32)
(0.0401407 -0.0329304 8.32)
(0.0401689 -0.0329525 8.32)
(0.0248158 -0.0185132 8.32)
(0.0277372 -0.0204826 8.32)
(0.0301749 -0.022126 8.32)
(0.0322082 -0.0234967 8.32)
(0.0339035 -0.0246396 8.32)
(0.0353169 -0.0255924 8.32)
(0.0364951 -0.0263867 8.32)
(0.0374771 -0.0270487 8.32)
(0.0382956 -0.0276005 8.32)
(0.0389778 -0.0280604 8.32)
(0.0395464 -0.0284436 8.32)
(0.0400202 -0.0287631 8.32)
(0.0404151 -0.0290293 8.32)
(0.0407442 -0.0292511 8.32)
(0.0410184 -0.029436 8.32)
(0.041247 -0.0295901 8.32)
(0.0414374 -0.0297185 8.32)
(0.0415961 -0.0298255 8.32)
(0.0417284 -0.0299146 8.32)
(0.0418386 -0.0299889 8.32)
(0.0419305 -0.0300509 8.32)
(0.0420071 -0.0301025 8.32)
(0.0420708 -0.0301455 8.32)
(0.042124 -0.0301813 8.32)
(0.0421683 -0.0302112 8.32)
(0.0422052 -0.0302361 8.32)
(0.042236 -0.0302568 8.32)
(0.0254942 -0.0166041 8.32)
(0.0286187 -0.0184201 8.32)
(0.0312257 -0.0199354 8.32)
(0.0334 -0.0211992 8.32)
(0.0352129 -0.0222529 8.32)
(0.0367243 -0.0231314 8.32)
(0.0379841 -0.0238636 8.32)
(0.0390342 -0.024474 8.32)
(0.0399094 -0.0249827 8.32)
(0.0406389 -0.0254066 8.32)
(0.0412468 -0.02576 8.32)
(0.0417534 -0.0260545 8.32)
(0.0421757 -0.0262999 8.32)
(0.0425276 -0.0265044 8.32)
(0.0428208 -0.0266749 8.32)
(0.0430652 -0.0268169 8.32)
(0.0432689 -0.0269353 8.32)
(0.0434386 -0.0270339 8.32)
(0.04358 -0.0271161 8.32)
(0.0436979 -0.0271846 8.32)
(0.0437961 -0.0272417 8.32)
(0.0438779 -0.0272893 8.32)
(0.0439462 -0.027329 8.32)
(0.044003 -0.027362 8.32)
(0.0440504 -0.0273895 8.32)
(0.0440898 -0.0274125 8.32)
(0.0441227 -0.0274316 8.32)
(0.0262098 -0.014702 8.32)
(0.0294994 -0.0163436 8.32)
(0.032244 -0.0177133 8.32)
(0.034533 -0.0188556 8.32)
(0.0364416 -0.019808 8.32)
(0.0380326 -0.020602 8.32)
(0.0393589 -0.0212639 8.32)
(0.0404644 -0.0218155 8.32)
(0.0413857 -0.0222753 8.32)
(0.0421536 -0.0226585 8.32)
(0.0427936 -0.0229779 8.32)
(0.043327 -0.0232441 8.32)
(0.0437715 -0.0234659 8.32)
(0.0441419 -0.0236507 8.32)
(0.0444506 -0.0238048 8.32)
(0.0447079 -0.0239332 8.32)
(0.0449223 -0.0240402 8.32)
(0.0451009 -0.0241293 8.32)
(0.0452498 -0.0242036 8.32)
(0.0453739 -0.0242656 8.32)
(0.0454773 -0.0243172 8.32)
(0.0455635 -0.0243602 8.32)
(0.0456353 -0.024396 8.32)
(0.0456951 -0.0244259 8.32)
(0.045745 -0.0244507 8.32)
(0.0457865 -0.0244715 8.32)
(0.0458212 -0.0244888 8.32)
(0.0269357 -0.0128001 8.32)
(0.0303557 -0.0142495 8.32)
(0.0332091 -0.0154588 8.32)
(0.0355888 -0.0164674 8.32)
(0.0375729 -0.0173083 8.32)
(0.039227 -0.0180093 8.32)
(0.0406057 -0.0185936 8.32)
(0.041755 -0.0190807 8.32)
(0.0427128 -0.0194866 8.32)
(0.0435111 -0.019825 8.32)
(0.0441764 -0.020107 8.32)
(0.0447309 -0.020342 8.32)
(0.045193 -0.0205378 8.32)
(0.0455781 -0.020701 8.32)
(0.045899 -0.020837 8.32)
(0.0461665 -0.0209504 8.32)
(0.0463894 -0.0210448 8.32)
(0.0465751 -0.0211235 8.32)
(0.0467299 -0.0211891 8.32)
(0.0468589 -0.0212438 8.32)
(0.0469664 -0.0212894 8.32)
(0.047056 -0.0213273 8.32)
(0.0471306 -0.021359 8.32)
(0.0471928 -0.0213853 8.32)
(0.0472447 -0.0214073 8.32)
(0.0472879 -0.0214256 8.32)
(0.0473239 -0.0214409 8.32)
(0.0276466 -0.0108909 8.32)
(0.0311655 -0.0121339 8.32)
(0.0341014 -0.013171 8.32)
(0.0365499 -0.0140359 8.32)
(0.0385914 -0.014757 8.32)
(0.0402933 -0.0153582 8.32)
(0.0417119 -0.0158593 8.32)
(0.0428944 -0.016277 8.32)
(0.0438799 -0.0166251 8.32)
(0.0447013 -0.0169152 8.32)
(0.0453859 -0.017157 8.32)
(0.0459564 -0.0173586 8.32)
(0.0464318 -0.0175265 8.32)
(0.0468281 -0.0176665 8.32)
(0.0471583 -0.0177831 8.32)
(0.0474335 -0.0178803 8.32)
(0.0476628 -0.0179613 8.32)
(0.0478539 -0.0180289 8.32)
(0.0480132 -0.0180851 8.32)
(0.0481459 -0.018132 8.32)
(0.0482565 -0.0181711 8.32)
(0.0483487 -0.0182036 8.32)
(0.0484255 -0.0182307 8.32)
(0.0484895 -0.0182534 8.32)
(0.0485428 -0.0182722 8.32)
(0.0485873 -0.0182879 8.32)
(0.0486243 -0.018301 8.32)
(0.0283171 -0.00896665 8.32)
(0.0319068 -0.00999254 8.32)
(0.0349018 -0.0108485 8.32)
(0.0373995 -0.0115623 8.32)
(0.0394821 -0.0121575 8.32)
(0.0412182 -0.0126537 8.32)
(0.0426654 -0.0130672 8.32)
(0.0438717 -0.013412 8.32)
(0.044877 -0.0136993 8.32)
(0.0457149 -0.0139388 8.32)
(0.0464133 -0.0141383 8.32)
(0.0469953 -0.0143047 8.32)
(0.0474803 -0.0144433 8.32)
(0.0478845 -0.0145588 8.32)
(0.0482214 -0.0146551 8.32)
(0.0485021 -0.0147353 8.32)
(0.048736 -0.0148022 8.32)
(0.048931 -0.0148579 8.32)
(0.0490934 -0.0149043 8.32)
(0.0492288 -0.014943 8.32)
(0.0493417 -0.0149752 8.32)
(0.0494357 -0.0150021 8.32)
(0.049514 -0.0150245 8.32)
(0.0495793 -0.0150432 8.32)
(0.0496337 -0.0150587 8.32)
(0.0496791 -0.0150717 8.32)
(0.0497169 -0.0150825 8.32)
(0.0289202 -0.00702041 8.32)
(0.0325563 -0.00782199 8.32)
(0.03559 -0.00849078 8.32)
(0.0381201 -0.00904855 8.32)
(0.0402296 -0.00951359 8.32)
(0.0419882 -0.00990128 8.32)
(0.0434541 -0.0102244 8.32)
(0.0446759 -0.0104938 8.32)
(0.0456943 -0.0107183 8.32)
(0.0465431 -0.0109054 8.32)
(0.0472504 -0.0110614 8.32)
(0.04784 -0.0111913 8.32)
(0.0483313 -0.0112996 8.32)
(0.0487407 -0.0113899 8.32)
(0.0490819 -0.0114651 8.32)
(0.0493663 -0.0115278 8.32)
(0.0496032 -0.0115801 8.32)
(0.0498007 -0.0116236 8.32)
(0.0499653 -0.0116599 8.32)
(0.0501024 -0.0116901 8.32)
(0.0502167 -0.0117153 8.32)
(0.050312 -0.0117363 8.32)
(0.0503913 -0.0117538 8.32)
(0.0504575 -0.0117684 8.32)
(0.0505126 -0.0117805 8.32)
(0.0505585 -0.0117906 8.32)
(0.0505968 -0.0117991 8.32)
(0.0294257 -0.0050469 8.32)
(0.0330882 -0.00562022 8.32)
(0.036144 -0.00609857 8.32)
(0.0386925 -0.0064975 8.32)
(0.0408174 -0.00683012 8.32)
(0.0425888 -0.00710741 8.32)
(0.0440654 -0.00733855 8.32)
(0.0452962 -0.00753121 8.32)
(0.046322 -0.00769178 8.32)
(0.0471769 -0.00782561 8.32)
(0.0478895 -0.00793715 8.32)
(0.0484833 -0.0080301 8.32)
(0.0489782 -0.00810757 8.32)
(0.0493906 -0.00817213 8.32)
(0.0497343 -0.00822593 8.32)
(0.0500207 -0.00827076 8.32)
(0.0502594 -0.00830813 8.32)
(0.0504583 -0.00833927 8.32)
(0.0506241 -0.00836521 8.32)
(0.0507622 -0.00838684 8.32)
(0.0508774 -0.00840486 8.32)
(0.0509733 -0.00841988 8.32)
(0.0510532 -0.00843239 8.32)
(0.0511199 -0.00844282 8.32)
(0.0511754 -0.00845151 8.32)
(0.0512217 -0.00845875 8.32)
(0.0512602 -0.00846479 8.32)
(0.029799 -0.00304452 8.32)
(0.0334734 -0.00338827 8.32)
(0.0365391 -0.00367507 8.32)
(0.0390959 -0.00391426 8.32)
(0.0412276 -0.00411369 8.32)
(0.0430048 -0.00427994 8.32)
(0.0444861 -0.00441853 8.32)
(0.0457209 -0.00453404 8.32)
(0.04675 -0.00463032 8.32)
(0.0476077 -0.00471056 8.32)
(0.0483225 -0.00477743 8.32)
(0.0489183 -0.00483316 8.32)
(0.0494148 -0.00487961 8.32)
(0.0498285 -0.00491832 8.32)
(0.0501733 -0.00495057 8.32)
(0.0504607 -0.00497746 8.32)
(0.0507002 -0.00499986 8.32)
(0.0508997 -0.00501853 8.32)
(0.051066 -0.00503409 8.32)
(0.0512046 -0.00504705 8.32)
(0.0513201 -0.00505785 8.32)
(0.0514164 -0.00506686 8.32)
(0.0514966 -0.00507436 8.32)
(0.0515634 -0.00508061 8.32)
(0.0516191 -0.00508583 8.32)
(0.0516655 -0.00509017 8.32)
(0.0517042 -0.00509379 8.32)
(0.030002 -0.00101813 8.32)
(0.0336797 -0.00113259 8.32)
(0.0367482 -0.00122808 8.32)
(0.0393072 -0.00130772 8.32)
(0.0414409 -0.00137413 8.32)
(0.0432196 -0.00142948 8.32)
(0.0447023 -0.00147563 8.32)
(0.0459381 -0.00151409 8.32)
(0.0469681 -0.00154615 8.32)
(0.0478266 -0.00157286 8.32)
(0.0485421 -0.00159513 8.32)
(0.0491383 -0.00161369 8.32)
(0.0496353 -0.00162915 8.32)
(0.0500494 -0.00164204 8.32)
(0.0503945 -0.00165278 8.32)
(0.0506821 -0.00166173 8.32)
(0.0509218 -0.00166919 8.32)
(0.0511215 -0.00167541 8.32)
(0.051288 -0.00168059 8.32)
(0.0514267 -0.00168491 8.32)
(0.0515423 -0.0016885 8.32)
(0.0516386 -0.0016915 8.32)
(0.0517189 -0.001694 8.32)
(0.0517858 -0.00169608 8.32)
(0.0518415 -0.00169782 8.32)
(0.051888 -0.00169926 8.32)
(0.0519267 -0.00170047 8.32)
(0.030002 0.00101813 8.32)
(0.0336797 0.00113259 8.32)
(0.0367482 0.00122808 8.32)
(0.0393072 0.00130772 8.32)
(0.0414409 0.00137413 8.32)
(0.0432196 0.00142948 8.32)
(0.0447023 0.00147563 8.32)
(0.0459381 0.00151409 8.32)
(0.0469681 0.00154615 8.32)
(0.0478266 0.00157286 8.32)
(0.0485421 0.00159513 8.32)
(0.0491383 0.00161369 8.32)
(0.0496353 0.00162915 8.32)
(0.0500494 0.00164204 8.32)
(0.0503945 0.00165278 8.32)
(0.0506821 0.00166173 8.32)
(0.0509218 0.00166919 8.32)
(0.0511215 0.00167541 8.32)
(0.051288 0.00168059 8.32)
(0.0514267 0.00168491 8.32)
(0.0515423 0.0016885 8.32)
(0.0516386 0.0016915 8.32)
(0.0517189 0.001694 8.32)
(0.0517858 0.00169608 8.32)
(0.0518415 0.00169782 8.32)
(0.051888 0.00169926 8.32)
(0.0519267 0.00170047 8.32)
(0.029799 0.00304452 8.32)
(0.0334734 0.00338827 8.32)
(0.0365391 0.00367507 8.32)
(0.0390959 0.00391426 8.32)
(0.0412276 0.00411369 8.32)
(0.0430048 0.00427994 8.32)
(0.0444861 0.00441853 8.32)
(0.0457209 0.00453404 8.32)
(0.04675 0.00463032 8.32)
(0.0476077 0.00471056 8.32)
(0.0483225 0.00477743 8.32)
(0.0489183 0.00483316 8.32)
(0.0494148 0.00487961 8.32)
(0.0498285 0.00491832 8.32)
(0.0501733 0.00495057 8.32)
(0.0504607 0.00497746 8.32)
(0.0507002 0.00499986 8.32)
(0.0508997 0.00501853 8.32)
(0.051066 0.00503409 8.32)
(0.0512046 0.00504705 8.32)
(0.0513201 0.00505785 8.32)
(0.0514164 0.00506686 8.32)
(0.0514966 0.00507436 8.32)
(0.0515634 0.00508061 8.32)
(0.0516191 0.00508583 8.32)
(0.0516655 0.00509017 8.32)
(0.0517042 0.00509379 8.32)
(0.0294257 0.0050469 8.32)
(0.0330882 0.00562022 8.32)
(0.036144 0.00609857 8.32)
(0.0386925 0.0064975 8.32)
(0.0408174 0.00683012 8.32)
(0.0425888 0.00710741 8.32)
(0.0440654 0.00733855 8.32)
(0.0452962 0.00753121 8.32)
(0.046322 0.00769178 8.32)
(0.0471769 0.00782561 8.32)
(0.0478895 0.00793715 8.32)
(0.0484833 0.0080301 8.32)
(0.0489782 0.00810757 8.32)
(0.0493906 0.00817213 8.32)
(0.0497343 0.00822593 8.32)
(0.0500207 0.00827076 8.32)
(0.0502594 0.00830813 8.32)
(0.0504583 0.00833927 8.32)
(0.0506241 0.00836521 8.32)
(0.0507622 0.00838684 8.32)
(0.0508774 0.00840486 8.32)
(0.0509733 0.00841988 8.32)
(0.0510532 0.00843239 8.32)
(0.0511199 0.00844282 8.32)
(0.0511754 0.00845151 8.32)
(0.0512217 0.00845875 8.32)
(0.0512602 0.00846479 8.32)
(0.0289202 0.00702041 8.32)
(0.0325563 0.00782199 8.32)
(0.03559 0.00849078 8.32)
(0.0381201 0.00904855 8.32)
(0.0402296 0.00951359 8.32)
(0.0419882 0.00990128 8.32)
(0.0434541 0.0102244 8.32)
(0.0446759 0.0104938 8.32)
(0.0456943 0.0107183 8.32)
(0.0465431 0.0109054 8.32)
(0.0472504 0.0110614 8.32)
(0.04784 0.0111913 8.32)
(0.0483313 0.0112996 8.32)
(0.0487407 0.0113899 8.32)
(0.0490819 0.0114651 8.32)
(0.0493663 0.0115278 8.32)
(0.0496032 0.0115801 8.32)
(0.0498007 0.0116236 8.32)
(0.0499653 0.0116599 8.32)
(0.0501024 0.0116901 8.32)
(0.0502167 0.0117153 8.32)
(0.050312 0.0117363 8.32)
(0.0503913 0.0117538 8.32)
(0.0504575 0.0117684 8.32)
(0.0505126 0.0117805 8.32)
(0.0505585 0.0117906 8.32)
(0.0505968 0.0117991 8.32)
(0.0283171 0.00896665 8.32)
(0.0319068 0.00999254 8.32)
(0.0349018 0.0108485 8.32)
(0.0373995 0.0115623 8.32)
(0.0394821 0.0121575 8.32)
(0.0412182 0.0126537 8.32)
(0.0426654 0.0130672 8.32)
(0.0438717 0.013412 8.32)
(0.044877 0.0136993 8.32)
(0.0457149 0.0139388 8.32)
(0.0464133 0.0141383 8.32)
(0.0469953 0.0143047 8.32)
(0.0474803 0.0144433 8.32)
(0.0478845 0.0145588 8.32)
(0.0482214 0.0146551 8.32)
(0.0485021 0.0147353 8.32)
(0.048736 0.0148022 8.32)
(0.048931 0.0148579 8.32)
(0.0490934 0.0149043 8.32)
(0.0492288 0.014943 8.32)
(0.0493417 0.0149752 8.32)
(0.0494357 0.0150021 8.32)
(0.049514 0.0150245 8.32)
(0.0495793 0.0150432 8.32)
(0.0496337 0.0150587 8.32)
(0.0496791 0.0150717 8.32)
(0.0497169 0.0150825 8.32)
(0.0276466 0.0108909 8.32)
(0.0311655 0.0121339 8.32)
(0.0341014 0.013171 8.32)
(0.0365499 0.0140359 8.32)
(0.0385914 0.014757 8.32)
(0.0402933 0.0153582 8.32)
(0.0417119 0.0158593 8.32)
(0.0428944 0.016277 8.32)
(0.0438799 0.0166251 8.32)
(0.0447013 0.0169152 8.32)
(0.0453859 0.017157 8.32)
(0.0459564 0.0173586 8.32)
(0.0464318 0.0175265 8.32)
(0.0468281 0.0176665 8.32)
(0.0471583 0.0177831 8.32)
(0.0474335 0.0178803 8.32)
(0.0476628 0.0179613 8.32)
(0.0478539 0.0180289 8.32)
(0.0480132 0.0180851 8.32)
(0.0481459 0.018132 8.32)
(0.0482565 0.0181711 8.32)
(0.0483487 0.0182036 8.32)
(0.0484255 0.0182307 8.32)
(0.0484895 0.0182534 8.32)
(0.0485428 0.0182722 8.32)
(0.0485873 0.0182879 8.32)
(0.0486243 0.018301 8.32)
(0.0269357 0.0128001 8.32)
(0.0303557 0.0142495 8.32)
(0.0332091 0.0154588 8.32)
(0.0355888 0.0164674 8.32)
(0.0375729 0.0173083 8.32)
(0.039227 0.0180093 8.32)
(0.0406057 0.0185936 8.32)
(0.041755 0.0190807 8.32)
(0.0427128 0.0194866 8.32)
(0.0435111 0.019825 8.32)
(0.0441764 0.020107 8.32)
(0.0447309 0.020342 8.32)
(0.045193 0.0205378 8.32)
(0.0455781 0.020701 8.32)
(0.045899 0.020837 8.32)
(0.0461665 0.0209504 8.32)
(0.0463894 0.0210448 8.32)
(0.0465751 0.0211235 8.32)
(0.0467299 0.0211891 8.32)
(0.0468589 0.0212438 8.32)
(0.0469664 0.0212894 8.32)
(0.047056 0.0213273 8.32)
(0.0471306 0.021359 8.32)
(0.0471928 0.0213853 8.32)
(0.0472447 0.0214073 8.32)
(0.0472879 0.0214256 8.32)
(0.0473239 0.0214409 8.32)
(0.0262098 0.014702 8.32)
(0.0294994 0.0163436 8.32)
(0.032244 0.0177133 8.32)
(0.034533 0.0188556 8.32)
(0.0364416 0.019808 8.32)
(0.0380326 0.020602 8.32)
(0.0393589 0.0212639 8.32)
(0.0404644 0.0218155 8.32)
(0.0413857 0.0222753 8.32)
(0.0421536 0.0226585 8.32)
(0.0427936 0.0229779 8.32)
(0.043327 0.0232441 8.32)
(0.0437715 0.0234659 8.32)
(0.0441419 0.0236507 8.32)
(0.0444506 0.0238048 8.32)
(0.0447079 0.0239332 8.32)
(0.0449223 0.0240402 8.32)
(0.0451009 0.0241293 8.32)
(0.0452498 0.0242036 8.32)
(0.0453739 0.0242656 8.32)
(0.0454773 0.0243172 8.32)
(0.0455635 0.0243602 8.32)
(0.0456353 0.024396 8.32)
(0.0456951 0.0244259 8.32)
(0.045745 0.0244507 8.32)
(0.0457865 0.0244715 8.32)
(0.0458212 0.0244888 8.32)
(0.0254942 0.0166041 8.32)
(0.0286187 0.0184201 8.32)
(0.0312257 0.0199354 8.32)
(0.0334 0.0211992 8.32)
(0.0352129 0.0222529 8.32)
(0.0367243 0.0231314 8.32)
(0.0379841 0.0238636 8.32)
(0.0390342 0.024474 8.32)
(0.0399094 0.0249827 8.32)
(0.0406389 0.0254066 8.32)
(0.0412468 0.02576 8.32)
(0.0417534 0.0260545 8.32)
(0.0421757 0.0262999 8.32)
(0.0425276 0.0265044 8.32)
(0.0428208 0.0266749 8.32)
(0.0430652 0.0268169 8.32)
(0.0432689 0.0269353 8.32)
(0.0434386 0.0270339 8.32)
(0.04358 0.0271161 8.32)
(0.0436979 0.0271846 8.32)
(0.0437961 0.0272417 8.32)
(0.0438779 0.0272893 8.32)
(0.0439462 0.027329 8.32)
(0.044003 0.027362 8.32)
(0.0440504 0.0273895 8.32)
(0.0440898 0.0274125 8.32)
(0.0441227 0.0274316 8.32)
(0.0248158 0.0185132 8.32)
(0.0277372 0.0204826 8.32)
(0.0301749 0.022126 8.32)
(0.0322082 0.0234967 8.32)
(0.0339035 0.0246396 8.32)
(0.0353169 0.0255924 8.32)
(0.0364951 0.0263867 8.32)
(0.0374771 0.0270487 8.32)
(0.0382956 0.0276005 8.32)
(0.0389778 0.0280604 8.32)
(0.0395464 0.0284436 8.32)
(0.0400202 0.0287631 8.32)
(0.0404151 0.0290293 8.32)
(0.0407442 0.0292511 8.32)
(0.0410184 0.029436 8.32)
(0.041247 0.0295901 8.32)
(0.0414374 0.0297185 8.32)
(0.0415961 0.0298255 8.32)
(0.0417284 0.0299146 8.32)
(0.0418386 0.0299889 8.32)
(0.0419305 0.0300509 8.32)
(0.0420071 0.0301025 8.32)
(0.0420708 0.0301455 8.32)
(0.042124 0.0301813 8.32)
(0.0421683 0.0302112 8.32)
(0.0422052 0.0302361 8.32)
(0.042236 0.0302568 8.32)
(0.0241942 0.0204323 8.32)
(0.0268724 0.0225314 8.32)
(0.0291077 0.0242833 8.32)
(0.0309722 0.0257446 8.32)
(0.032527 0.0269632 8.32)
(0.0338232 0.0279791 8.32)
(0.0349037 0.0288259 8.32)
(0.0358044 0.0295318 8.32)
(0.036555 0.0301201 8.32)
(0.0371807 0.0306105 8.32)
(0.0377021 0.0310192 8.32)
(0.0381367 0.0313598 8.32)
(0.0384989 0.0316436 8.32)
(0.0388007 0.0318802 8.32)
(0.0390522 0.0320773 8.32)
(0.0392618 0.0322416 8.32)
(0.0394365 0.0323785 8.32)
(0.0395821 0.0324926 8.32)
(0.0397034 0.0325877 8.32)
(0.0398045 0.0326669 8.32)
(0.0398888 0.0327329 8.32)
(0.039959 0.032788 8.32)
(0.0400175 0.0328338 8.32)
(0.0400662 0.032872 8.32)
(0.0401069 0.0329039 8.32)
(0.0401407 0.0329304 8.32)
(0.0401689 0.0329525 8.32)
(0.0236177 0.0223553 8.32)
(0.0260164 0.0245596 8.32)
(0.0280189 0.0263997 8.32)
(0.0296894 0.0279348 8.32)
(0.0310824 0.029215 8.32)
(0.0322439 0.0302823 8.32)
(0.0332121 0.031172 8.32)
(0.0340191 0.0319136 8.32)
(0.0346917 0.0325318 8.32)
(0.0352524 0.0330469 8.32)
(0.0357196 0.0334763 8.32)
(0.036109 0.0338342 8.32)
(0.0364336 0.0341324 8.32)
(0.036704 0.0343809 8.32)
(0.0369294 0.0345881 8.32)
(0.0371172 0.0347607 8.32)
(0.0372738 0.0349045 8.32)
(0.0374042 0.0350244 8.32)
(0.0375129 0.0351243 8.32)
(0.0376035 0.0352075 8.32)
(0.037679 0.0352769 8.32)
(0.0377419 0.0353347 8.32)
(0.0377944 0.0353829 8.32)
(0.0378381 0.0354231 8.32)
(0.0378745 0.0354565 8.32)
(0.0379048 0.0354844 8.32)
(0.0379301 0.0355076 8.32)
(-0.0213166 -0.0213166 8.32)
(-0.0217233 -0.0194362 8.32)
(-0.0221928 -0.0175722 8.32)
(-0.0227372 -0.0157306 8.32)
(-0.0233365 -0.0139078 8.32)
(-0.0239634 -0.0120953 8.32)
(-0.0245921 -0.0102838 8.32)
(-0.0251968 -0.00846358 8.32)
(-0.0257497 -0.00662588 8.32)
(-0.0262196 -0.00476375 8.32)
(-0.0265706 -0.0028742 8.32)
(-0.0267632 -0.000961249 8.32)
(-0.0267632 0.000961249 8.32)
(-0.0265706 0.0028742 8.32)
(-0.0262196 0.00476375 8.32)
(-0.0257497 0.00662588 8.32)
(-0.0251968 0.00846358 8.32)
(-0.0245921 0.0102838 8.32)
(-0.0239634 0.0120953 8.32)
(-0.0233365 0.0139078 8.32)
(-0.0227372 0.0157306 8.32)
(-0.0221928 0.0175722 8.32)
(-0.0217233 0.0194362 8.32)
(-0.0213166 0.0213166 8.32)
(-0.0194362 -0.0217233 8.32)
(-0.0198075 -0.0198075 8.32)
(-0.0202362 -0.017908 8.32)
(-0.0207332 -0.0160311 8.32)
(-0.0212803 -0.0141729 8.32)
(-0.0218527 -0.0123251 8.32)
(-0.0224268 -0.0104782 8.32)
(-0.0229789 -0.0086226 8.32)
(-0.0234838 -0.00674955 8.32)
(-0.0239128 -0.00485207 8.32)
(-0.0242333 -0.00292718 8.32)
(-0.0244092 -0.000978907 8.32)
(-0.0244092 0.000978907 8.32)
(-0.0242333 0.00292718 8.32)
(-0.0239128 0.00485207 8.32)
(-0.0234838 0.00674955 8.32)
(-0.0229789 0.0086226 8.32)
(-0.0224268 0.0104782 8.32)
(-0.0218527 0.0123251 8.32)
(-0.0212803 0.0141729 8.32)
(-0.0207332 0.0160311 8.32)
(-0.0202362 0.017908 8.32)
(-0.0198075 0.0198075 8.32)
(-0.0194362 0.0217233 8.32)
(-0.0175722 -0.0221928 8.32)
(-0.017908 -0.0202362 8.32)
(-0.0182959 -0.0182959 8.32)
(-0.0187455 -0.0163781 8.32)
(-0.0192405 -0.014479 8.32)
(-0.0197584 -0.0125903 8.32)
(-0.0202778 -0.0107026 8.32)
(-0.0207774 -0.00880617 8.32)
(-0.0212342 -0.0068923 8.32)
(-0.0216223 -0.00495401 8.32)
(-0.0219124 -0.00298833 8.32)
(-0.0220715 -0.000999288 8.32)
(-0.0220715 0.000999288 8.32)
(-0.0219124 0.00298833 8.32)
(-0.0216223 0.00495401 8.32)
(-0.0212342 0.0068923 8.32)
(-0.0207774 0.00880617 8.32)
(-0.0202778 0.0107026 8.32)
(-0.0197584 0.0125903 8.32)
(-0.0192405 0.014479 8.32)
(-0.0187455 0.0163781 8.32)
(-0.0182959 0.0182959 8.32)
(-0.017908 0.0202362 8.32)
(-0.0175722 0.0221928 8.32)
(-0.0157306 -0.0227372 8.32)
(-0.0160311 -0.0207332 8.32)
(-0.0163781 -0.0187455 8.32)
(-0.0167804 -0.0167804 8.32)
(-0.0172233 -0.014834 8.32)
(-0.0176866 -0.0128979 8.32)
(-0.0181514 -0.0109628 8.32)
(-0.0185983 -0.00901906 8.32)
(-0.0190071 -0.00705785 8.32)
(-0.0193544 -0.00507225 8.32)
(-0.0196139 -0.00305926 8.32)
(-0.0197563 -0.00102293 8.32)
(-0.0197563 0.00102293 8.32)
(-0.0196139 0.00305926 8.32)
(-0.0193544 0.00507225 8.32)
(-0.0190071 0.00705785 8.32)
(-0.0185983 0.00901906 8.32)
(-0.0181514 0.0109628 8.32)
(-0.0176866 0.0128979 8.32)
(-0.0172233 0.014834 8.32)
(-0.0167804 0.0167804 8.32)
(-0.0163781 0.0187455 8.32)
(-0.0160311 0.0207332 8.32)
(-0.0157306 0.0227372 8.32)
(-0.0139078 -0.0233365 8.32)
(-0.0141729 -0.0212803 8.32)
(-0.014479 -0.0192405 8.32)
(-0.014834 -0.0172233 8.32)
(-0.0152247 -0.0152247 8.32)
(-0.0156336 -0.0132366 8.32)
(-0.0160436 -0.0112493 8.32)
(-0.0164381 -0.00925346 8.32)
(-0.0167987 -0.00724014 8.32)
(-0.0171052 -0.00520244 8.32)
(-0.0173342 -0.00313736 8.32)
(-0.0174599 -0.00104896 8.32)
(-0.0174599 0.00104896 8.32)
(-0.0173342 0.00313736 8.32)
(-0.0171052 0.00520244 8.32)
(-0.0167987 0.00724014 8.32)
(-0.0164381 0.00925346 8.32)
(-0.0160436 0.0112493 8.32)
(-0.0156336 0.0132366 8.32)
(-0.0152247 0.0152247 8.32)
(-0.014834 0.0172233 8.32)
(-0.014479 0.0192405 8.32)
(-0.0141729 0.0212803 8.32)
(-0.0139078 0.0233365 8.32)
(-0.0120953 -0.0239634 8.32)
(-0.0123251 -0.0218527 8.32)
(-0.0125903 -0.0197584 8.32)
(-0.0128979 -0.0176866 8.32)
(-0.0132366 -0.0156336 8.32)
(-0.0135909 -0.0135909 8.32)
(-0.0139463 -0.0115491 8.32)
(-0.0142881 -0.00949871 8.32)
(-0.0146007 -0.00743088 8.32)
(-0.0148663 -0.00533867 8.32)
(-0.0150648 -0.00321909 8.32)
(-0.0151737 -0.0010762 8.32)
(-0.0151737 0.0010762 8.32)
(-0.0150648 0.00321909 8.32)
(-0.0148663 0.00533867 8.32)
(-0.0146007 0.00743088 8.32)
(-0.0142881 0.00949871 8.32)
(-0.0139463 0.0115491 8.32)
(-0.0135909 0.0135909 8.32)
(-0.0132366 0.0156336 8.32)
(-0.0128979 0.0176866 8.32)
(-0.0125903 0.0197584 8.32)
(-0.0123251 0.0218527 8.32)
(-0.0120953 0.0239634 8.32)
(-0.0102838 -0.0245921 8.32)
(-0.0104782 -0.0224268 8.32)
(-0.0107026 -0.0202778 8.32)
(-0.0109628 -0.0181514 8.32)
(-0.0112493 -0.0160436 8.32)
(-0.0115491 -0.0139463 8.32)
(-0.0118498 -0.0118498 8.32)
(-0.012139 -0.00974474 8.32)
(-0.0124035 -0.00762223 8.32)
(-0.0126283 -0.00547534 8.32)
(-0.0127963 -0.00330109 8.32)
(-0.0128884 -0.00110353 8.32)
(-0.0128884 0.00110353 8.32)
(-0.0127963 0.00330109 8.32)
(-0.0126283 0.00547534 8.32)
(-0.0124035 0.00762223 8.32)
(-0.012139 0.00974474 8.32)
(-0.0118498 0.0118498 8.32)
(-0.0115491 0.0139463 8.32)
(-0.0112493 0.0160436 8.32)
(-0.0109628 0.0181514 8.32)
(-0.0107026 0.0202778 8.32)
(-0.0104782 0.0224268 8.32)
(-0.0102838 0.0245921 8.32)
(-0.00846358 -0.0251968 8.32)
(-0.0086226 -0.0229789 8.32)
(-0.00880617 -0.0207774 8.32)
(-0.00901906 -0.0185983 8.32)
(-0.00925346 -0.0164381 8.32)
(-0.00949871 -0.0142881 8.32)
(-0.00974474 -0.012139 8.32)
(-0.0099814 -0.0099814 8.32)
(-0.0101978 -0.00780629 8.32)
(-0.0103817 -0.0056068 8.32)
(-0.0105191 -0.00337996 8.32)
(-0.0105946 -0.00112982 8.32)
(-0.0105946 0.00112982 8.32)
(-0.0105191 0.00337996 8.32)
(-0.0103817 0.0056068 8.32)
(-0.0101978 0.00780629 8.32)
(-0.0099814 0.0099814 8.32)
(-0.00974474 0.012139 8.32)
(-0.00949871 0.0142881 8.32)
(-0.00925346 0.0164381 8.32)
(-0.00901906 0.0185983 8.32)
(-0.00880617 0.0207774 8.32)
(-0.0086226 0.0229789 8.32)
(-0.00846358 0.0251968 8.32)
(-0.00662588 -0.0257497 8.32)
(-0.00674955 -0.0234838 8.32)
(-0.0068923 -0.0212342 8.32)
(-0.00705785 -0.0190071 8.32)
(-0.00724014 -0.0167987 8.32)
(-0.00743088 -0.0146007 8.32)
(-0.00762223 -0.0124035 8.32)
(-0.00780629 -0.0101978 8.32)
(-0.0079746 -0.0079746 8.32)
(-0.00811765 -0.00572702 8.32)
(-0.00822455 -0.00345209 8.32)
(-0.00828321 -0.00115386 8.32)
(-0.00828321 0.00115386 8.32)
(-0.00822455 0.00345209 8.32)
(-0.00811765 0.00572702 8.32)
(-0.0079746 0.0079746 8.32)
(-0.00780629 0.0101978 8.32)
(-0.00762223 0.0124035 8.32)
(-0.00743088 0.0146007 8.32)
(-0.00724014 0.0167987 8.32)
(-0.00705785 0.0190071 8.32)
(-0.0068923 0.0212342 8.32)
(-0.00674955 0.0234838 8.32)
(-0.00662588 0.0257497 8.32)
(-0.00476375 -0.0262196 8.32)
(-0.00485207 -0.0239128 8.32)
(-0.00495401 -0.0216223 8.32)
(-0.00507225 -0.0193544 8.32)
(-0.00520244 -0.0171052 8.32)
(-0.00533867 -0.0148663 8.32)
(-0.00547534 -0.0126283 8.32)
(-0.0056068 -0.0103817 8.32)
(-0.00572702 -0.00811765 8.32)
(-0.0058292 -0.0058292 8.32)
(-0.00590556 -0.0035134 8.32)
(-0.00594746 -0.0011743 8.32)
(-0.00594746 0.0011743 8.32)
(-0.00590556 0.0035134 8.32)
(-0.0058292 0.0058292 8.32)
(-0.00572702 0.00811765 8.32)
(-0.0056068 0.0103817 8.32)
(-0.00547534 0.0126283 8.32)
(-0.00533867 0.0148663 8.32)
(-0.00520244 0.0171052 8.32)
(-0.00507225 0.0193544 8.32)
(-0.00495401 0.0216223 8.32)
(-0.00485207 0.0239128 8.32)
(-0.00476375 0.0262196 8.32)
(-0.0028742 -0.0265706 8.32)
(-0.00292718 -0.0242333 8.32)
(-0.00298833 -0.0219124 8.32)
(-0.00305926 -0.0196139 8.32)
(-0.00313736 -0.0173342 8.32)
(-0.00321909 -0.0150648 8.32)
(-0.00330109 -0.0127963 8.32)
(-0.00337996 -0.0105191 8.32)
(-0.00345209 -0.00822455 8.32)
(-0.0035134 -0.00590556 8.32)
(-0.00355922 -0.00355922 8.32)
(-0.00358436 -0.00118957 8.32)
(-0.00358436 0.00118957 8.32)
(-0.00355922 0.00355922 8.32)
(-0.0035134 0.00590556 8.32)
(-0.00345209 0.00822455 8.32)
(-0.00337996 0.0105191 8.32)
(-0.00330109 0.0127963 8.32)
(-0.00321909 0.0150648 8.32)
(-0.00313736 0.0173342 8.32)
(-0.00305926 0.0196139 8.32)
(-0.00298833 0.0219124 8.32)
(-0.00292718 0.0242333 8.32)
(-0.0028742 0.0265706 8.32)
(-0.000961249 -0.0267632 8.32)
(-0.000978907 -0.0244092 8.32)
(-0.000999288 -0.0220715 8.32)
(-0.00102293 -0.0197563 8.32)
(-0.00104896 -0.0174599 8.32)
(-0.0010762 -0.0151737 8.32)
(-0.00110353 -0.0128884 8.32)
(-0.00112982 -0.0105946 8.32)
(-0.00115386 -0.00828321 8.32)
(-0.0011743 -0.00594746 8.32)
(-0.00118957 -0.00358436 8.32)
(-0.00119795 -0.00119795 8.32)
(-0.00119795 0.00119795 8.32)
(-0.00118957 0.00358436 8.32)
(-0.0011743 0.00594746 8.32)
(-0.00115386 0.00828321 8.32)
(-0.00112982 0.0105946 8.32)
(-0.00110353 0.0128884 8.32)
(-0.0010762 0.0151737 8.32)
(-0.00104896 0.0174599 8.32)
(-0.00102293 0.0197563 8.32)
(-0.000999288 0.0220715 8.32)
(-0.000978907 0.0244092 8.32)
(-0.000961249 0.0267632 8.32)
(0.000961249 -0.0267632 8.32)
(0.000978907 -0.0244092 8.32)
(0.000999288 -0.0220715 8.32)
(0.00102293 -0.0197563 8.32)
(0.00104896 -0.0174599 8.32)
(0.0010762 -0.0151737 8.32)
(0.00110353 -0.0128884 8.32)
(0.00112982 -0.0105946 8.32)
(0.00115386 -0.00828321 8.32)
(0.0011743 -0.00594746 8.32)
(0.00118957 -0.00358436 8.32)
(0.00119795 -0.00119795 8.32)
(0.00119795 0.00119795 8.32)
(0.00118957 0.00358436 8.32)
(0.0011743 0.00594746 8.32)
(0.00115386 0.00828321 8.32)
(0.00112982 0.0105946 8.32)
(0.00110353 0.0128884 8.32)
(0.0010762 0.0151737 8.32)
(0.00104896 0.0174599 8.32)
(0.00102293 0.0197563 8.32)
(0.000999288 0.0220715 8.32)
(0.000978907 0.0244092 8.32)
(0.000961249 0.0267632 8.32)
(0.0028742 -0.0265706 8.32)
(0.00292718 -0.0242333 8.32)
(0.00298833 -0.0219124 8.32)
(0.00305926 -0.0196139 8.32)
(0.00313736 -0.0173342 8.32)
(0.00321909 -0.0150648 8.32)
(0.00330109 -0.0127963 8.32)
(0.00337996 -0.0105191 8.32)
(0.00345209 -0.00822455 8.32)
(0.0035134 -0.00590556 8.32)
(0.00355922 -0.00355922 8.32)
(0.00358436 -0.00118957 8.32)
(0.00358436 0.00118957 8.32)
(0.00355922 0.00355922 8.32)
(0.0035134 0.00590556 8.32)
(0.00345209 0.00822455 8.32)
(0.00337996 0.0105191 8.32)
(0.00330109 0.0127963 8.32)
(0.00321909 0.0150648 8.32)
(0.00313736 0.0173342 8.32)
(0.00305926 0.0196139 8.32)
(0.00298833 0.0219124 8.32)
(0.00292718 0.0242333 8.32)
(0.0028742 0.0265706 8.32)
(0.00476375 -0.0262196 8.32)
(0.00485207 -0.0239128 8.32)
(0.00495401 -0.0216223 8.32)
(0.00507225 -0.0193544 8.32)
(0.00520244 -0.0171052 8.32)
(0.00533867 -0.0148663 8.32)
(0.00547534 -0.0126283 8.32)
(0.0056068 -0.0103817 8.32)
(0.00572702 -0.00811765 8.32)
(0.0058292 -0.0058292 8.32)
(0.00590556 -0.0035134 8.32)
(0.00594746 -0.0011743 8.32)
(0.00594746 0.0011743 8.32)
(0.00590556 0.0035134 8.32)
(0.0058292 0.0058292 8.32)
(0.00572702 0.00811765 8.32)
(0.0056068 0.0103817 8.32)
(0.00547534 0.0126283 8.32)
(0.00533867 0.0148663 8.32)
(0.00520244 0.0171052 8.32)
(0.00507225 0.0193544 8.32)
(0.00495401 0.0216223 8.32)
(0.00485207 0.0239128 8.32)
(0.00476375 0.0262196 8.32)
(0.00662588 -0.0257497 8.32)
(0.00674955 -0.0234838 8.32)
(0.0068923 -0.0212342 8.32)
(0.00705785 -0.0190071 8.32)
(0.00724014 -0.0167987 8.32)
(0.00743088 -0.0146007 8.32)
(0.00762223 -0.0124035 8.32)
(0.00780629 -0.0101978 8.32)
(0.0079746 -0.0079746 8.32)
(0.00811765 -0.00572702 8.32)
(0.00822455 -0.00345209 8.32)
(0.00828321 -0.00115386 8.32)
(0.00828321 0.00115386 8.32)
(0.00822455 0.00345209 8.32)
(0.00811765 0.00572702 8.32)
(0.0079746 0.0079746 8.32)
(0.00780629 0.0101978 8.32)
(0.00762223 0.0124035 8.32)
(0.00743088 0.0146007 8.32)
(0.00724014 0.0167987 8.32)
(0.00705785 0.0190071 8.32)
(0.0068923 0.0212342 8.32)
(0.00674955 0.0234838 8.32)
(0.00662588 0.0257497 8.32)
(0.00846358 -0.0251968 8.32)
(0.0086226 -0.0229789 8.32)
(0.00880617 -0.0207774 8.32)
(0.00901906 -0.0185983 8.32)
(0.00925346 -0.0164381 8.32)
(0.00949871 -0.0142881 8.32)
(0.00974474 -0.012139 8.32)
(0.0099814 -0.0099814 8.32)
(0.0101978 -0.00780629 8.32)
(0.0103817 -0.0056068 8.32)
(0.0105191 -0.00337996 8.32)
(0.0105946 -0.00112982 8.32)
(0.0105946 0.00112982 8.32)
(0.0105191 0.00337996 8.32)
(0.0103817 0.0056068 8.32)
(0.0101978 0.00780629 8.32)
(0.0099814 0.0099814 8.32)
(0.00974474 0.012139 8.32)
(0.00949871 0.0142881 8.32)
(0.00925346 0.0164381 8.32)
(0.00901906 0.0185983 8.32)
(0.00880617 0.0207774 8.32)
(0.0086226 0.0229789 8.32)
(0.00846358 0.0251968 8.32)
(0.0102838 -0.0245921 8.32)
(0.0104782 -0.0224268 8.32)
(0.0107026 -0.0202778 8.32)
(0.0109628 -0.0181514 8.32)
(0.0112493 -0.0160436 8.32)
(0.0115491 -0.0139463 8.32)
(0.0118498 -0.0118498 8.32)
(0.012139 -0.00974474 8.32)
(0.0124035 -0.00762223 8.32)
(0.0126283 -0.00547534 8.32)
(0.0127963 -0.00330109 8.32)
(0.0128884 -0.00110353 8.32)
(0.0128884 0.00110353 8.32)
(0.0127963 0.00330109 8.32)
(0.0126283 0.00547534 8.32)
(0.0124035 0.00762223 8.32)
(0.012139 0.00974474 8.32)
(0.0118498 0.0118498 8.32)
(0.0115491 0.0139463 8.32)
(0.0112493 0.0160436 8.32)
(0.0109628 0.0181514 8.32)
(0.0107026 0.0202778 8.32)
(0.0104782 0.0224268 8.32)
(0.0102838 0.0245921 8.32)
(0.0120953 -0.0239634 8.32)
(0.0123251 -0.0218527 8.32)
(0.0125903 -0.0197584 8.32)
(0.0128979 -0.0176866 8.32)
(0.0132366 -0.0156336 8.32)
(0.0135909 -0.0135909 8.32)
(0.0139463 -0.0115491 8.32)
(0.0142881 -0.00949871 8.32)
(0.0146007 -0.00743088 8.32)
(0.0148663 -0.00533867 8.32)
(0.0150648 -0.00321909 8.32)
(0.0151737 -0.0010762 8.32)
(0.0151737 0.0010762 8.32)
(0.0150648 0.00321909 8.32)
(0.0148663 0.00533867 8.32)
(0.0146007 0.00743088 8.32)
(0.0142881 0.00949871 8.32)
(0.0139463 0.0115491 8.32)
(0.0135909 0.0135909 8.32)
(0.0132366 0.0156336 8.32)
(0.0128979 0.0176866 8.32)
(0.0125903 0.0197584 8.32)
(0.0123251 0.0218527 8.32)
(0.0120953 0.0239634 8.32)
(0.0139078 -0.0233365 8.32)
(0.0141729 -0.0212803 8.32)
(0.014479 -0.0192405 8.32)
(0.014834 -0.0172233 8.32)
(0.0152247 -0.0152247 8.32)
(0.0156336 -0.0132366 8.32)
(0.0160436 -0.0112493 8.32)
(0.0164381 -0.00925346 8.32)
(0.0167987 -0.00724014 8.32)
(0.0171052 -0.00520244 8.32)
(0.0173342 -0.00313736 8.32)
(0.0174599 -0.00104896 8.32)
(0.0174599 0.00104896 8.32)
(0.0173342 0.00313736 8.32)
(0.0171052 0.00520244 8.32)
(0.0167987 0.00724014 8.32)
(0.0164381 0.00925346 8.32)
(0.0160436 0.0112493 8.32)
(0.0156336 0.0132366 8.32)
(0.0152247 0.0152247 8.32)
(0.014834 0.0172233 8.32)
(0.014479 0.0192405 8.32)
(0.0141729 0.0212803 8.32)
(0.0139078 0.0233365 8.32)
(0.0157306 -0.0227372 8.32)
(0.0160311 -0.0207332 8.32)
(0.0163781 -0.0187455 8.32)
(0.0167804 -0.0167804 8.32)
(0.0172233 -0.014834 8.32)
(0.0176866 -0.0128979 8.32)
(0.0181514 -0.0109628 8.32)
(0.0185983 -0.00901906 8.32)
(0.0190071 -0.00705785 8.32)
(0.0193544 -0.00507225 8.32)
(0.0196139 -0.00305926 8.32)
(0.0197563 -0.00102293 8.32)
(0.0197563 0.00102293 8.32)
(0.0196139 0.00305926 8.32)
(0.0193544 0.00507225 8.32)
(0.0190071 0.00705785 8.32)
(0.0185983 0.00901906 8.32)
(0.0181514 0.0109628 8.32)
(0.0176866 0.0128979 8.32)
(0.0172233 0.014834 8.32)
(0.0167804 0.0167804 8.32)
(0.0163781 0.0187455 8.32)
(0.0160311 0.0207332 8.32)
(0.0157306 0.0227372 8.32)
(0.0175722 -0.0221928 8.32)
(0.017908 -0.0202362 8.32)
(0.0182959 -0.0182959 8.32)
(0.0187455 -0.0163781 8.32)
(0.0192405 -0.014479 8.32)
(0.0197584 -0.0125903 8.32)
(0.0202778 -0.0107026 8.32)
(0.0207774 -0.00880617 8.32)
(0.0212342 -0.0068923 8.32)
(0.0216223 -0.00495401 8.32)
(0.0219124 -0.00298833 8.32)
(0.0220715 -0.000999288 8.32)
(0.0220715 0.000999288 8.32)
(0.0219124 0.00298833 8.32)
(0.0216223 0.00495401 8.32)
(0.0212342 0.0068923 8.32)
(0.0207774 0.00880617 8.32)
(0.0202778 0.0107026 8.32)
(0.0197584 0.0125903 8.32)
(0.0192405 0.014479 8.32)
(0.0187455 0.0163781 8.32)
(0.0182959 0.0182959 8.32)
(0.017908 0.0202362 8.32)
(0.0175722 0.0221928 8.32)
(0.0194362 -0.0217233 8.32)
(0.0198075 -0.0198075 8.32)
(0.0202362 -0.017908 8.32)
(0.0207332 -0.0160311 8.32)
(0.0212803 -0.0141729 8.32)
(0.0218527 -0.0123251 8.32)
(0.0224268 -0.0104782 8.32)
(0.0229789 -0.0086226 8.32)
(0.0234838 -0.00674955 8.32)
(0.0239128 -0.00485207 8.32)
(0.0242333 -0.00292718 8.32)
(0.0244092 -0.000978907 8.32)
(0.0244092 0.000978907 8.32)
(0.0242333 0.00292718 8.32)
(0.0239128 0.00485207 8.32)
(0.0234838 0.00674955 8.32)
(0.0229789 0.0086226 8.32)
(0.0224268 0.0104782 8.32)
(0.0218527 0.0123251 8.32)
(0.0212803 0.0141729 8.32)
(0.0207332 0.0160311 8.32)
(0.0202362 0.017908 8.32)
(0.0198075 0.0198075 8.32)
(0.0194362 0.0217233 8.32)
(0.0213166 -0.0213166 8.32)
(0.0217233 -0.0194362 8.32)
(0.0221928 -0.0175722 8.32)
(0.0227372 -0.0157306 8.32)
(0.0233365 -0.0139078 8.32)
(0.0239634 -0.0120953 8.32)
(0.0245921 -0.0102838 8.32)
(0.0251968 -0.00846358 8.32)
(0.0257497 -0.00662588 8.32)
(0.0262196 -0.00476375 8.32)
(0.0265706 -0.0028742 8.32)
(0.0267632 -0.000961249 8.32)
(0.0267632 0.000961249 8.32)
(0.0265706 0.0028742 8.32)
(0.0262196 0.00476375 8.32)
(0.0257497 0.00662588 8.32)
(0.0251968 0.00846358 8.32)
(0.0245921 0.0102838 8.32)
(0.0239634 0.0120953 8.32)
(0.0233365 0.0139078 8.32)
(0.0227372 0.0157306 8.32)
(0.0221928 0.0175722 8.32)
(0.0217233 0.0194362 8.32)
(0.0213166 0.0213166 8.32)
)


// ************************************************************************* //
